2.35421  {1, 2, 1, 4, 1, 5, 2, 4, 2, 5, 4, 5}
2.37637  {1, 2, 1, 4, 1, 5, 2, 4, 2, 5, 4, 5}
2.43598  {1, 2, 1, 4, 1, 5, 2, 4, 2, 5, 4, 5}
2.47001  {1, 2, 1, 4, 1, 5, 2, 4, 2, 5, 4, 5}
2.4858  {1, 2, 1, 4, 1, 5, 2, 4, 2, 5, 4, 5}
2.53468  {1, 2, 1, 4, 1, 5, 2, 4, 2, 5, 4, 5}
2.55543  {1, 2, 1, 4, 1, 5, 2, 4, 2, 5, 4, 5}
2.58602  {1, 2, 1, 4, 1, 5, 2, 4, 2, 5, 4, 5}
2.61848  {1, 2, 1, 4, 1, 5, 2, 4, 2, 5, 4, 5}
2.65305  {1, 2, 1, 4, 1, 5, 2, 4, 2, 5, 4, 5}
2.70303  {1, 2, 1, 4, 1, 5, 2, 4, 2, 5, 4, 5}
2.73686  {1, 2, 1, 4, 1, 5, 2, 4, 2, 5, 4, 5}
2.79179  {1, 2, 1, 4, 1, 5, 2, 4, 2, 5, 4, 5}
2.82819  {1, 2, 1, 4, 1, 5, 2, 4, 2, 5, 4, 5}
2.86573  {1, 2, 1, 4, 1, 5, 2, 4, 2, 5, 4, 5}
2.87129  {1, 2, 1, 4, 1, 5, 2, 4, 2, 5, 4, 5}
2.93734  {1, 2, 1, 4, 1, 5, 2, 4, 2, 5, 4, 5}
2.95966  {1, 2, 1, 4, 1, 5, 2, 4, 2, 5, 4, 5}
2.98215  {1, 2, 1, 4, 1, 5, 2, 4, 2, 5, 4, 5}
3.02488  {1, 2, 1, 4, 1, 5, 2, 4, 2, 5, 4, 5}
3.04172  {1, 2, 1, 4, 1, 5, 2, 4, 2, 5, 4, 5}
3.07461  {1, 2, 1, 4, 1, 5, 2, 4, 2, 5, 4, 5}
3.10908  {1, 2, 1, 4, 1, 5, 2, 4, 2, 5, 4, 5}
3.14248  {1, 2, 1, 4, 1, 5, 2, 4, 2, 5, 4, 5}
3.17523  {1, 2, 1, 4, 1, 5, 2, 4, 2, 5, 4, 5}
3.20827  {1, 2, 1, 4, 1, 5, 2, 4, 2, 5, 4, 5}
3.24144  {1, 2, 1, 4, 1, 5, 2, 4, 2, 5, 4, 5}
3.29439  {1, 2, 1, 4, 1, 5, 2, 4, 2, 5, 4, 5}
3.30862  {1, 2, 1, 4, 1, 5, 2, 4, 2, 5, 4, 5}
3.34254  {1, 2, 1, 4, 1, 5, 2, 4, 2, 5, 4, 5}
3.37481  {1, 2, 1, 4, 1, 5, 2, 4, 2, 5, 4, 5}
3.40893  {1, 2, 1, 4, 1, 5, 2, 4, 2, 5, 4, 5}
3.44285  {1, 2, 1, 4, 1, 5, 2, 4, 2, 5, 4, 5}
3.47589  {1, 2, 1, 4, 1, 5, 2, 4, 2, 5, 4, 5}
3.50907  {1, 2, 1, 4, 1, 5, 2, 4, 2, 5, 4, 5}
3.54193  {1, 2, 1, 4, 1, 5, 2, 4, 2, 5, 4, 5}
3.57484  {1, 2, 1, 4, 1, 5, 2, 4, 2, 5, 4, 5}
3.60875  {1, 2, 1, 4, 1, 5, 2, 4, 2, 5, 4, 5}
3.64228  {1, 2, 1, 4, 1, 5, 2, 4, 2, 5, 4, 5}
3.67476  {1, 2, 1, 4, 1, 5, 2, 4, 2, 5, 4, 5}
3.70835  {1, 2, 1, 4, 1, 5, 2, 4, 2, 5, 4, 5}
3.742  {1, 2, 1, 4, 1, 5, 2, 4, 2, 5, 4, 5}
3.77542  {1, 2, 1, 4, 1, 5, 2, 4, 2, 5, 4, 5}
3.80873  {1, 2, 1, 4, 1, 5, 2, 4, 2, 5, 4, 5}
3.84276  {1, 2, 1, 4, 1, 5, 2, 4, 2, 5, 4, 5}
3.87593  {1, 2, 1, 4, 1, 5, 2, 4, 2, 5, 4, 5}
3.90951  {1, 2, 1, 4, 1, 5, 2, 4, 2, 5, 4, 5}
3.94182  {1, 2, 1, 4, 1, 5, 2, 4, 2, 5, 4, 5}
3.97536  {1, 2, 1, 4, 1, 5, 2, 4, 2, 5, 4, 5}
4.00914  {1, 2, 1, 4, 1, 5, 2, 4, 2, 5, 4, 5}
4.04245  {1, 2, 1, 4, 1, 5, 2, 4, 2, 5, 4, 5}
4.07505  {1, 2, 1, 4, 1, 5, 2, 4, 2, 5, 4, 5}
4.10899  {1, 2, 1, 4, 1, 5, 2, 4, 2, 5, 4, 5}
4.14273  {1, 2, 1, 4, 1, 5, 2, 4, 2, 5, 4, 5}
4.17521  {1, 2, 1, 4, 1, 5, 2, 4, 2, 5, 4, 5}
4.20907  {1, 2, 1, 4, 1, 5, 2, 4, 2, 5, 4, 5}
4.24202  {1, 2, 1, 4, 1, 5, 2, 4, 2, 5, 4, 5}
4.27627  {1, 2, 1, 4, 1, 5, 2, 4, 2, 5, 4, 5}
4.30891  {1, 2, 1, 4, 1, 5, 2, 4, 2, 5, 4, 5}
4.34173  {1, 2, 1, 4, 1, 5, 2, 4, 2, 5, 4, 5}
4.37484  {1, 2, 1, 4, 1, 5, 2, 4, 2, 5, 4, 5}
4.40952  {1, 2, 1, 4, 1, 5, 2, 4, 2, 5, 4, 5}
4.44308  {1, 2, 1, 4, 1, 5, 2, 4, 2, 5, 4, 5}
4.47653  {1, 2, 1, 4, 1, 5, 2, 4, 2, 5, 4, 5}
4.50805  {1, 2, 1, 4, 1, 5, 2, 4, 2, 5, 4, 5}
4.54218  {1, 2, 1, 4, 1, 5, 2, 4, 2, 5, 4, 5}
4.5755  {1, 2, 1, 4, 1, 5, 2, 4, 2, 5, 4, 5}
4.60937  {1, 2, 1, 4, 1, 5, 2, 4, 2, 5, 4, 5}
4.64077  {1, 2, 1, 4, 1, 5, 2, 4, 2, 5, 4, 5}
4.67386  {1, 2, 1, 4, 1, 5, 2, 4, 2, 5, 4, 5}
4.70799  {1, 2, 1, 4, 1, 5, 2, 4, 2, 5, 4, 5}
4.74214  {1, 2, 1, 4, 1, 5, 2, 4, 2, 5, 4, 5}
4.77437  {1, 2, 1, 4, 1, 5, 2, 4, 2, 5, 4, 5}
4.80896  {1, 2, 1, 4, 1, 5, 2, 4, 2, 5, 4, 5}
4.84153  {1, 2, 1, 4, 1, 5, 2, 4, 2, 5, 4, 5}
4.87504  {1, 2, 1, 4, 1, 5, 2, 4, 2, 5, 4, 5}
4.90916  {1, 2, 1, 4, 1, 5, 2, 4, 2, 5, 4, 5}
4.94103  {1, 2, 1, 4, 1, 5, 2, 4, 2, 5, 4, 5}
4.9738  {1, 2, 1, 4, 1, 5, 2, 4, 2, 5, 4, 5}
5.0075  {1, 2, 1, 4, 1, 5, 2, 4, 2, 5, 4, 5}
5.04239  {1, 2, 1, 4, 1, 5, 2, 4, 2, 5, 4, 5}
5.07423  {1, 2, 1, 4, 1, 5, 2, 4, 2, 5, 4, 5}
5.10815  {1, 2, 1, 4, 1, 5, 2, 4, 2, 5, 4, 5}
5.14094  {1, 2, 1, 4, 1, 5, 2, 4, 2, 5, 4, 5}
5.17372  {1, 2, 1, 4, 1, 5, 2, 4, 2, 5, 4, 5}
5.20843  {1, 2, 1, 4, 1, 5, 2, 4, 2, 5, 4, 5}
5.24124  {1, 2, 1, 4, 1, 5, 2, 4, 2, 5, 4, 5}
5.27466  {1, 2, 1, 4, 1, 5, 2, 4, 2, 5, 4, 5}
5.3079  {1, 2, 1, 4, 1, 5, 2, 4, 2, 5, 4, 5}
5.34105  {1, 2, 1, 4, 1, 5, 2, 4, 2, 5, 4, 5}
5.37384  {1, 2, 1, 4, 1, 5, 2, 4, 2, 5, 4, 5}
5.4083  {1, 2, 1, 4, 1, 5, 2, 4, 2, 5, 4, 5}
5.44144  {1, 2, 1, 4, 1, 5, 2, 4, 2, 5, 4, 5}
5.47385  {1, 2, 1, 4, 1, 5, 2, 4, 2, 5, 4, 5}
5.50807  {1, 2, 1, 4, 1, 5, 2, 4, 2, 5, 4, 5}
5.54191  {1, 2, 1, 4, 1, 5, 2, 4, 2, 5, 4, 5}
5.57515  {1, 2, 1, 4, 1, 5, 2, 4, 2, 5, 4, 5}
5.60932  {1, 2, 1, 4, 1, 5, 2, 4, 2, 5, 4, 5}
5.64191  {1, 2, 1, 4, 1, 5, 2, 4, 2, 5, 4, 5}
5.67601  {1, 2, 1, 4, 1, 5, 2, 4, 2, 5, 4, 5}
5.7098  {1, 2, 1, 4, 1, 5, 2, 4, 2, 5, 4, 5}
5.74195  {1, 2, 1, 4, 1, 5, 2, 4, 2, 5, 4, 5}
5.77601  {1, 2, 1, 4, 1, 5, 2, 4, 2, 5, 4, 5}
5.80972  {1, 2, 1, 4, 1, 5, 2, 4, 2, 5, 4, 5}
5.84226  {1, 2, 1, 4, 1, 5, 2, 4, 2, 5, 4, 5}
5.87553  {1, 2, 1, 4, 1, 5, 2, 4, 2, 5, 4, 5}
5.90813  {1, 2, 1, 4, 1, 5, 2, 4, 2, 5, 4, 5}
5.94207  {1, 2, 1, 4, 1, 5, 2, 4, 2, 5, 4, 5}
5.97672  {1, 2, 1, 4, 1, 5, 2, 4, 2, 5, 4, 5}
6.009  {1, 2, 1, 4, 1, 5, 2, 4, 2, 5, 4, 5}
6.042  {1, 2, 1, 4, 1, 5, 2, 4, 2, 5, 4, 5}
6.07634  {1, 2, 1, 4, 1, 5, 2, 4, 2, 5, 4, 5}
6.10902  {1, 2, 1, 4, 1, 5, 2, 4, 2, 5, 4, 5}
6.14168  {1, 2, 1, 4, 1, 5, 2, 4, 2, 5, 4, 5}
6.17566  {1, 2, 1, 4, 1, 5, 2, 4, 2, 5, 4, 5}
6.20902  {1, 2, 1, 4, 1, 5, 2, 4, 2, 5, 4, 5}
6.24171  {1, 2, 1, 4, 1, 5, 2, 4, 2, 5, 4, 5}
6.27696  {1, 2, 1, 4, 1, 5, 2, 4, 2, 5, 4, 5}
6.3098  {1, 2, 1, 4, 1, 5, 2, 4, 2, 5, 4, 5}
6.34249  {1, 2, 1, 4, 1, 5, 2, 4, 2, 5, 4, 5}
6.37566  {1, 2, 1, 4, 1, 5, 2, 4, 2, 5, 4, 5}
6.4088  {1, 2, 1, 4, 1, 5, 2, 4, 2, 5, 4, 5}
6.44094  {1, 2, 1, 4, 1, 5, 2, 4, 2, 5, 4, 5}
6.47536  {1, 2, 1, 4, 1, 5, 2, 4, 2, 5, 4, 5}
6.50911  {1, 2, 1, 4, 1, 5, 2, 4, 2, 5, 4, 5}
6.54217  {1, 2, 1, 4, 1, 5, 2, 4, 2, 5, 4, 5}
6.57651  {1, 2, 1, 4, 1, 5, 2, 4, 2, 5, 4, 5}
6.60887  {1, 2, 1, 4, 1, 5, 2, 4, 2, 5, 4, 5}
6.64189  {1, 2, 1, 4, 1, 5, 2, 4, 2, 5, 4, 5}
6.67583  {1, 2, 1, 4, 1, 5, 2, 4, 2, 5, 4, 5}
6.70961  {1, 2, 1, 4, 1, 5, 2, 4, 2, 5, 4, 5}
6.74331  {1, 2, 1, 4, 1, 5, 2, 4, 2, 5, 4, 5}
6.7764  {1, 2, 1, 4, 1, 5, 2, 4, 2, 5, 4, 5}
6.80899  {1, 2, 1, 4, 1, 5, 2, 4, 2, 5, 4, 5}
6.84259  {1, 2, 1, 4, 1, 5, 2, 4, 2, 5, 4, 5}
6.87491  {1, 2, 1, 4, 1, 5, 2, 4, 2, 5, 4, 5}
6.90915  {1, 2, 1, 4, 1, 5, 2, 4, 2, 5, 4, 5}
6.94221  {1, 2, 1, 4, 1, 5, 2, 4, 2, 5, 4, 5}
6.9757  {1, 2, 1, 4, 1, 5, 2, 4, 2, 5, 4, 5}
7.00874  {1, 2, 1, 4, 1, 5, 2, 4, 2, 5, 4, 5}
7.04307  {1, 2, 1, 4, 1, 5, 2, 4, 2, 5, 4, 5}
7.07542  {1, 2, 1, 4, 1, 5, 2, 4, 2, 5, 4, 5}
7.10981  {1, 2, 1, 4, 1, 5, 2, 4, 2, 5, 4, 5}
7.14168  {1, 2, 1, 4, 1, 5, 2, 4, 2, 5, 4, 5}
7.17625  {1, 2, 1, 4, 1, 5, 2, 4, 2, 5, 4, 5}
7.20916  {1, 2, 1, 4, 1, 5, 2, 4, 2, 5, 4, 5}
7.24206  {1, 2, 1, 4, 1, 5, 2, 4, 2, 5, 4, 5}
7.2761  {1, 2, 1, 4, 1, 5, 2, 4, 2, 5, 4, 5}
7.30911  {1, 2, 1, 4, 1, 5, 2, 4, 2, 5, 4, 5}
7.34221  {1, 2, 1, 4, 1, 5, 2, 4, 2, 5, 4, 5}
7.37635  {1, 2, 1, 4, 1, 5, 2, 4, 2, 5, 4, 5}
7.41034  {1, 2, 1, 4, 1, 5, 2, 4, 2, 5, 4, 5}
7.44111  {1, 2, 1, 4, 1, 5, 2, 4, 2, 5, 4, 5}
7.47626  {1, 2, 1, 4, 1, 5, 2, 4, 2, 5, 4, 5}
7.50902  {1, 2, 1, 4, 1, 5, 2, 4, 2, 5, 4, 5}
7.54223  {1, 2, 1, 4, 1, 5, 2, 4, 2, 5, 4, 5}
7.57718  {1, 2, 1, 4, 1, 5, 2, 4, 2, 5, 4, 5}
7.60964  {1, 2, 1, 4, 1, 5, 2, 4, 2, 5, 4, 5}
7.64214  {1, 2, 1, 4, 1, 5, 2, 4, 2, 5, 4, 5}
7.67578  {1, 2, 1, 4, 1, 5, 2, 4, 2, 5, 4, 5}
7.70922  {1, 2, 1, 4, 1, 5, 2, 4, 2, 5, 4, 5}
7.7422  {1, 2, 1, 4, 1, 5, 2, 4, 2, 5, 4, 5}
7.77611  {1, 2, 1, 4, 1, 5, 2, 4, 2, 5, 4, 5}
7.80913  {1, 2, 1, 4, 1, 5, 2, 4, 2, 5, 4, 5}
7.8421  {1, 2, 1, 4, 1, 5, 2, 4, 2, 5, 4, 5}
7.87612  {1, 2, 1, 4, 1, 5, 2, 4, 2, 5, 4, 5}
7.90902  {1, 2, 1, 4, 1, 5, 2, 4, 2, 5, 4, 5}
7.94272  {1, 2, 1, 4, 1, 5, 2, 4, 2, 5, 4, 5}
7.97625  {1, 2, 1, 4, 1, 5, 2, 4, 2, 5, 4, 5}
8.00994  {1, 2, 1, 4, 1, 5, 2, 4, 2, 5, 4, 5}
8.04237  {1, 2, 1, 4, 1, 5, 2, 4, 2, 5, 4, 5}
8.07578  {1, 2, 1, 4, 1, 5, 2, 4, 2, 5, 4, 5}
8.1091  {1, 2, 1, 4, 1, 5, 2, 4, 2, 5, 4, 5}
8.14287  {1, 2, 1, 4, 1, 5, 2, 4, 2, 5, 4, 5}
8.17496  {1, 2, 1, 4, 1, 5, 2, 4, 2, 5, 4, 5}
8.20795  {1, 2, 1, 4, 1, 5, 2, 4, 2, 5, 4, 5}
8.24157  {1, 2, 1, 4, 1, 5, 2, 4, 2, 5, 4, 5}
8.27642  {1, 2, 1, 4, 1, 5, 2, 4, 2, 5, 4, 5}
8.30919  {1, 2, 1, 4, 1, 5, 2, 4, 2, 5, 4, 5}
8.34222  {1, 2, 1, 4, 1, 5, 2, 4, 2, 5, 4, 5}
8.37627  {1, 2, 1, 4, 1, 5, 2, 4, 2, 5, 4, 5}
8.40914  {1, 2, 1, 4, 1, 5, 2, 4, 2, 5, 4, 5}
8.44214  {1, 2, 1, 4, 1, 5, 2, 4, 2, 5, 4, 5}
8.47602  {1, 2, 1, 4, 1, 5, 2, 4, 2, 5, 4, 5}
8.50913  {1, 2, 1, 4, 1, 5, 2, 4, 2, 5, 4, 5}
8.54311  {1, 2, 1, 4, 1, 5, 2, 4, 2, 5, 4, 5}
8.57568  {1, 2, 1, 4, 1, 5, 2, 4, 2, 5, 4, 5}
8.60873  {1, 2, 1, 4, 1, 5, 2, 4, 2, 5, 4, 5}
8.64322  {1, 2, 1, 4, 1, 5, 2, 4, 2, 5, 4, 5}
8.67614  {1, 2, 1, 4, 1, 5, 2, 4, 2, 5, 4, 5}
8.70922  {1, 2, 1, 4, 1, 5, 2, 4, 2, 5, 4, 5}
8.74357  {1, 2, 1, 4, 1, 5, 2, 4, 2, 5, 4, 5}
8.77614  {1, 2, 1, 4, 1, 5, 2, 4, 2, 5, 4, 5}
8.80892  {1, 2, 1, 4, 1, 5, 2, 4, 2, 5, 4, 5}
8.84211  {1, 2, 1, 4, 1, 5, 2, 4, 2, 5, 4, 5}
8.87622  {1, 2, 1, 4, 1, 5, 2, 4, 2, 5, 4, 5}
8.90913  {1, 2, 1, 4, 1, 5, 2, 4, 2, 5, 4, 5}
8.94208  {1, 2, 1, 4, 1, 5, 2, 4, 2, 5, 4, 5}
8.97608  {1, 2, 1, 4, 1, 5, 2, 4, 2, 5, 4, 5}
9.00945  {1, 2, 1, 4, 1, 5, 2, 4, 2, 5, 4, 5}
9.04242  {1, 2, 1, 4, 1, 5, 2, 4, 2, 5, 4, 5}
9.07596  {1, 2, 1, 4, 1, 5, 2, 4, 2, 5, 4, 5}
9.10889  {1, 2, 1, 4, 1, 5, 2, 4, 2, 5, 4, 5}
9.14325  {1, 2, 1, 4, 1, 5, 2, 4, 2, 5, 4, 5}
9.17627  {1, 2, 1, 4, 1, 5, 2, 4, 2, 5, 4, 5}
9.20925  {1, 2, 1, 4, 1, 5, 2, 4, 2, 5, 4, 5}
9.24317  {1, 2, 1, 4, 1, 5, 2, 4, 2, 5, 4, 5}
9.27625  {1, 2, 1, 4, 1, 5, 2, 4, 2, 5, 4, 5}
9.30921  {1, 2, 1, 4, 1, 5, 2, 4, 2, 5, 4, 5}
9.34404  {1, 2, 1, 4, 1, 5, 2, 4, 2, 5, 4, 5}
9.37573  {1, 2, 1, 4, 1, 5, 2, 4, 2, 5, 4, 5}
9.40949  {1, 2, 1, 4, 1, 5, 2, 4, 2, 5, 4, 5}
9.4433  {1, 2, 1, 4, 1, 5, 2, 4, 2, 5, 4, 5}
9.4758  {1, 2, 1, 4, 1, 5, 2, 4, 2, 5, 4, 5}
9.50897  {1, 2, 1, 4, 1, 5, 2, 4, 2, 5, 4, 5}
9.54332  {1, 2, 1, 4, 1, 5, 2, 4, 2, 5, 4, 5}
9.57618  {1, 2, 1, 4, 1, 5, 2, 4, 2, 5, 4, 5}
9.61036  {1, 2, 1, 4, 1, 5, 2, 4, 2, 5, 4, 5}
9.64222  {1, 2, 1, 4, 1, 5, 2, 4, 2, 5, 4, 5}
9.67617  {1, 2, 1, 4, 1, 5, 2, 4, 2, 5, 4, 5}
9.70907  {1, 2, 1, 4, 1, 5, 2, 4, 2, 5, 4, 5}
9.7429  {1, 2, 1, 4, 1, 5, 2, 4, 2, 5, 4, 5}
9.776  {1, 2, 1, 4, 1, 5, 2, 4, 2, 5, 4, 5}
9.80943  {1, 2, 1, 4, 1, 5, 2, 4, 2, 5, 4, 5}
9.84318  {1, 2, 1, 4, 1, 5, 2, 4, 2, 5, 4, 5}
9.87639  {1, 2, 1, 4, 1, 5, 2, 4, 2, 5, 4, 5}
9.9097  {1, 2, 1, 4, 1, 5, 2, 4, 2, 5, 4, 5}
9.94361  {1, 2, 1, 4, 1, 5, 2, 4, 2, 5, 4, 5}
9.97638  {1, 2, 1, 4, 1, 5, 2, 4, 2, 5, 4, 5}
10.0089  {1, 2, 1, 4, 1, 5, 2, 4, 2, 5, 4, 5}
10.0433  {1, 2, 1, 4, 1, 5, 2, 4, 2, 5, 4, 5}
10.0762  {1, 2, 1, 4, 1, 5, 2, 4, 2, 5, 4, 5}
10.1099  {1, 2, 1, 4, 1, 5, 2, 4, 2, 5, 4, 5}
10.1432  {1, 2, 1, 4, 1, 5, 2, 4, 2, 5, 4, 5}
10.1746  {1, 2, 1, 4, 1, 5, 2, 4, 2, 5, 4, 5}
10.2081  {1, 2, 1, 4, 1, 5, 2, 4, 2, 5, 4, 5}
10.2423  {1, 2, 1, 4, 1, 5, 2, 4, 2, 5, 4, 5}
10.2753  {1, 2, 1, 4, 1, 5, 2, 4, 2, 5, 4, 5}
10.309  {1, 2, 1, 4, 1, 5, 2, 4, 2, 5, 4, 5}
10.3429  {1, 2, 1, 4, 1, 5, 2, 4, 2, 5, 4, 5}
10.3761  {1, 2, 1, 4, 1, 5, 2, 4, 2, 5, 4, 5}
10.4095  {1, 2, 1, 4, 1, 5, 2, 4, 2, 5, 4, 5}
10.4436  {1, 2, 1, 4, 1, 5, 2, 4, 2, 5, 4, 5}
10.4747  {1, 2, 1, 4, 1, 5, 2, 4, 2, 5, 4, 5}
10.509  {1, 2, 1, 4, 1, 5, 2, 4, 2, 5, 4, 5}
10.5439  {1, 2, 1, 4, 1, 5, 2, 4, 2, 5, 4, 5}
10.5748  {1, 2, 1, 4, 1, 5, 2, 4, 2, 5, 4, 5}
10.609  {1, 2, 1, 4, 1, 5, 2, 4, 2, 5, 4, 5}
10.6434  {1, 2, 1, 4, 1, 5, 2, 4, 2, 5, 4, 5}
10.6753  {1, 2, 1, 4, 1, 5, 2, 4, 2, 5, 4, 5}
10.7086  {1, 2, 1, 4, 1, 5, 2, 4, 2, 5, 4, 5}
10.742  {1, 2, 1, 4, 1, 5, 2, 4, 2, 5, 4, 5}
10.7752  {1, 2, 1, 4, 1, 5, 2, 4, 2, 5, 4, 5}
10.81  {1, 2, 1, 4, 1, 5, 2, 4, 2, 5, 4, 5}
10.8434  {1, 2, 1, 4, 1, 5, 2, 4, 2, 5, 4, 5}
10.8748  {1, 2, 1, 4, 1, 5, 2, 4, 2, 5, 4, 5}
10.9079  {1, 2, 1, 4, 1, 5, 2, 4, 2, 5, 4, 5}
10.9421  {1, 2, 1, 4, 1, 5, 2, 4, 2, 5, 4, 5}
10.977  {1, 2, 1, 4, 1, 5, 2, 4, 2, 5, 4, 5}
11.0101  {1, 2, 1, 4, 1, 5, 2, 4, 2, 5, 4, 5}
11.0428  {1, 2, 1, 4, 1, 5, 2, 4, 2, 5, 4, 5}
11.076  {1, 2, 1, 4, 1, 5, 2, 4, 2, 5, 4, 5}
11.1102  {1, 2, 1, 4, 1, 5, 2, 4, 2, 5, 4, 5}
11.1427  {1, 2, 1, 4, 1, 5, 2, 4, 2, 5, 4, 5}
11.1758  {1, 2, 1, 4, 1, 5, 2, 4, 2, 5, 4, 5}
11.211  {1, 2, 1, 4, 1, 5, 2, 4, 2, 5, 4, 5}
11.2433  {1, 2, 1, 4, 1, 5, 2, 4, 2, 5, 4, 5}
11.2772  {1, 2, 1, 4, 1, 5, 2, 4, 2, 5, 4, 5}
11.3104  {1, 2, 1, 4, 1, 5, 2, 4, 2, 5, 4, 5}
11.3432  {1, 2, 1, 4, 1, 5, 2, 4, 2, 5, 4, 5}
11.3762  {1, 2, 1, 4, 1, 5, 2, 4, 2, 5, 4, 5}
11.4111  {1, 2, 1, 4, 1, 5, 2, 4, 2, 5, 4, 5}
11.443  {1, 2, 1, 4, 1, 5, 2, 4, 2, 5, 4, 5}
11.4762  {1, 2, 1, 4, 1, 5, 2, 4, 2, 5, 4, 5}
11.5103  {1, 2, 1, 4, 1, 5, 2, 4, 2, 5, 4, 5}
11.543  {1, 2, 1, 4, 1, 5, 2, 4, 2, 5, 4, 5}
11.576  {1, 2, 1, 4, 1, 5, 2, 4, 2, 5, 4, 5}
11.6105  {1, 2, 1, 4, 1, 5, 2, 4, 2, 5, 4, 5}
11.6428  {1, 2, 1, 4, 1, 5, 2, 4, 2, 5, 4, 5}
11.6762  {1, 2, 1, 4, 1, 5, 2, 4, 2, 5, 4, 5}
11.7099  {1, 2, 1, 4, 1, 5, 2, 4, 2, 5, 4, 5}
11.7432  {1, 2, 1, 4, 1, 5, 2, 4, 2, 5, 4, 5}
11.7776  {1, 2, 1, 4, 1, 5, 2, 4, 2, 5, 4, 5}
11.81  {1, 2, 1, 4, 1, 5, 2, 4, 2, 5, 4, 5}
11.8435  {1, 2, 1, 4, 1, 5, 2, 4, 2, 5, 4, 5}
11.8762  {1, 2, 1, 4, 1, 5, 2, 4, 2, 5, 4, 5}
11.9102  {1, 2, 1, 4, 1, 5, 2, 4, 2, 5, 4, 5}
11.9435  {1, 2, 1, 4, 1, 5, 2, 4, 2, 5, 4, 5}
11.9754  {1, 2, 1, 4, 1, 5, 2, 4, 2, 5, 4, 5}
12.0088  {1, 2, 1, 4, 1, 5, 2, 4, 2, 5, 4, 5}
12.0424  {1, 2, 1, 4, 1, 5, 2, 4, 2, 5, 4, 5}
12.0761  {1, 2, 1, 4, 1, 5, 2, 4, 2, 5, 4, 5}
12.1102  {1, 2, 1, 4, 1, 5, 2, 4, 2, 5, 4, 5}
12.1428  {1, 2, 1, 4, 1, 5, 2, 4, 2, 5, 4, 5}
12.1762  {1, 2, 1, 4, 1, 5, 2, 4, 2, 5, 4, 5}
12.2102  {1, 2, 1, 4, 1, 5, 2, 4, 2, 5, 4, 5}
12.2426  {1, 2, 1, 4, 1, 5, 2, 4, 2, 5, 4, 5}
12.2766  {1, 2, 1, 4, 1, 5, 2, 4, 2, 5, 4, 5}
12.3102  {1, 2, 1, 4, 1, 5, 2, 4, 2, 5, 4, 5}
12.3432  {1, 2, 1, 4, 1, 5, 2, 4, 2, 5, 4, 5}
12.377  {1, 2, 1, 4, 1, 5, 2, 4, 2, 5, 4, 5}
12.4102  {1, 2, 1, 4, 1, 5, 2, 4, 2, 5, 4, 5}
12.4432  {1, 2, 1, 4, 1, 5, 2, 4, 2, 5, 4, 5}
12.4761  {1, 2, 1, 4, 1, 5, 2, 4, 2, 5, 4, 5}
12.5101  {1, 2, 1, 4, 1, 5, 2, 4, 2, 5, 4, 5}
12.5433  {1, 2, 1, 4, 1, 5, 2, 4, 2, 5, 4, 5}
12.5768  {1, 2, 1, 4, 1, 5, 2, 4, 2, 5, 4, 5}
12.6101  {1, 2, 1, 4, 1, 5, 2, 4, 2, 5, 4, 5}
12.6429  {1, 2, 1, 4, 1, 5, 2, 4, 2, 5, 4, 5}
12.6762  {1, 2, 1, 4, 1, 5, 2, 4, 2, 5, 4, 5}
12.7105  {1, 2, 1, 4, 1, 5, 2, 4, 2, 5, 4, 5}
12.742  {1, 2, 1, 4, 1, 5, 2, 4, 2, 5, 4, 5}
12.7763  {1, 2, 1, 4, 1, 5, 2, 4, 2, 5, 4, 5}
12.8106  {1, 2, 1, 4, 1, 5, 2, 4, 2, 5, 4, 5}
12.8434  {1, 2, 1, 4, 1, 5, 2, 4, 2, 5, 4, 5}
12.8763  {1, 2, 1, 4, 1, 5, 2, 4, 2, 5, 4, 5}
12.9103  {1, 2, 1, 4, 1, 5, 2, 4, 2, 5, 4, 5}
12.9433  {1, 2, 1, 4, 1, 5, 2, 4, 2, 5, 4, 5}
12.978  {1, 2, 1, 4, 1, 5, 2, 4, 2, 5, 4, 5}
13.0105  {1, 2, 1, 4, 1, 5, 2, 4, 2, 5, 4, 5}
13.0432  {1, 2, 1, 4, 1, 5, 2, 4, 2, 5, 4, 5}
13.0764  {1, 2, 1, 4, 1, 5, 2, 4, 2, 5, 4, 5}
13.1101  {1, 2, 1, 4, 1, 5, 2, 4, 2, 5, 4, 5}
13.1431  {1, 2, 1, 4, 1, 5, 2, 4, 2, 5, 4, 5}
13.1773  {1, 2, 1, 4, 1, 5, 2, 4, 2, 5, 4, 5}
13.2102  {1, 2, 1, 4, 1, 5, 2, 4, 2, 5, 4, 5}
13.2433  {1, 2, 1, 4, 1, 5, 2, 4, 2, 5, 4, 5}
13.2766  {1, 2, 1, 4, 1, 5, 2, 4, 2, 5, 4, 5}
13.31  {1, 2, 1, 4, 1, 5, 2, 4, 2, 5, 4, 5}
13.3432  {1, 2, 1, 4, 1, 5, 2, 4, 2, 5, 4, 5}
13.3772  {1, 2, 1, 4, 1, 5, 2, 4, 2, 5, 4, 5}
13.4103  {1, 2, 1, 4, 1, 5, 2, 4, 2, 5, 4, 5}
13.4431  {1, 2, 1, 4, 1, 5, 2, 4, 2, 5, 4, 5}
13.4774  {1, 2, 1, 4, 1, 5, 2, 4, 2, 5, 4, 5}
13.5092  {1, 2, 1, 4, 1, 5, 2, 4, 2, 5, 4, 5}
13.5445  {1, 2, 1, 4, 1, 5, 2, 4, 2, 5, 4, 5}
13.5767  {1, 2, 1, 4, 1, 5, 2, 4, 2, 5, 4, 5}
13.6093  {1, 2, 1, 4, 1, 5, 2, 4, 2, 5, 4, 5}
13.6427  {1, 2, 1, 4, 1, 5, 2, 4, 2, 5, 4, 5}
13.6771  {1, 2, 1, 4, 1, 5, 2, 4, 2, 5, 4, 5}
13.7104  {1, 2, 1, 4, 1, 5, 2, 4, 2, 5, 4, 5}
13.7437  {1, 2, 1, 4, 1, 5, 2, 4, 2, 5, 4, 5}
13.7762  {1, 2, 1, 4, 1, 5, 2, 4, 2, 5, 4, 5}
13.8104  {1, 2, 1, 4, 1, 5, 2, 4, 2, 5, 4, 5}
13.8431  {1, 2, 1, 4, 1, 5, 2, 4, 2, 5, 4, 5}
13.8774  {1, 2, 1, 4, 1, 5, 2, 4, 2, 5, 4, 5}
13.9108  {1, 2, 1, 4, 1, 5, 2, 4, 2, 5, 4, 5}
13.9429  {1, 2, 1, 4, 1, 5, 2, 4, 2, 5, 4, 5}
13.9752  {1, 2, 1, 4, 1, 5, 2, 4, 2, 5, 4, 5}
14.009  {1, 2, 1, 4, 1, 5, 2, 4, 2, 5, 4, 5}
14.0431  {1, 2, 1, 4, 1, 5, 2, 4, 2, 5, 4, 5}
14.0774  {1, 2, 1, 4, 1, 5, 2, 4, 2, 5, 4, 5}
14.1104  {1, 2, 1, 4, 1, 5, 2, 4, 2, 5, 4, 5}
14.1428  {1, 2, 1, 4, 1, 5, 2, 4, 2, 5, 4, 5}
14.1767  {1, 2, 1, 4, 1, 5, 2, 4, 2, 5, 4, 5}
14.2109  {1, 2, 1, 4, 1, 5, 2, 4, 2, 5, 4, 5}
14.2423  {1, 2, 1, 4, 1, 5, 2, 4, 2, 5, 4, 5}
14.2783  {1, 2, 1, 4, 1, 5, 2, 4, 2, 5, 4, 5}
14.311  {1, 2, 1, 4, 1, 5, 2, 4, 2, 5, 4, 5}
14.343  {1, 2, 1, 4, 1, 5, 2, 4, 2, 5, 4, 5}
14.3776  {1, 2, 1, 4, 1, 5, 2, 4, 2, 5, 4, 5}
14.4102  {1, 2, 1, 4, 1, 5, 2, 4, 2, 5, 4, 5}
14.4432  {1, 2, 1, 4, 1, 5, 2, 4, 2, 5, 4, 5}
14.4775  {1, 2, 1, 4, 1, 5, 2, 4, 2, 5, 4, 5}
14.5102  {1, 2, 1, 4, 1, 5, 2, 4, 2, 5, 4, 5}
14.544  {1, 2, 1, 4, 1, 5, 2, 4, 2, 5, 4, 5}
14.5765  {1, 2, 1, 4, 1, 5, 2, 4, 2, 5, 4, 5}
14.6101  {1, 2, 1, 4, 1, 5, 2, 4, 2, 5, 4, 5}
14.6431  {1, 2, 1, 4, 1, 5, 2, 4, 2, 5, 4, 5}
14.6773  {1, 2, 1, 4, 1, 5, 2, 4, 2, 5, 4, 5}
14.7106  {1, 2, 1, 4, 1, 5, 2, 4, 2, 5, 4, 5}
14.7432  {1, 2, 1, 4, 1, 5, 2, 4, 2, 5, 4, 5}
14.7777  {1, 2, 1, 4, 1, 5, 2, 4, 2, 5, 4, 5}
14.8102  {1, 2, 1, 4, 1, 5, 2, 4, 2, 5, 4, 5}
14.8441  {1, 2, 1, 4, 1, 5, 2, 4, 2, 5, 4, 5}
14.8783  {1, 2, 1, 4, 1, 5, 2, 4, 2, 5, 4, 5}
14.9097  {1, 2, 1, 4, 1, 5, 2, 4, 2, 5, 4, 5}
14.9432  {1, 2, 1, 4, 1, 5, 2, 4, 2, 5, 4, 5}
14.9773  {1, 2, 1, 4, 1, 5, 2, 4, 2, 5, 4, 5}
15.0103  {1, 2, 1, 4, 1, 5, 2, 4, 2, 5, 4, 5}
15.0433  {1, 2, 1, 4, 1, 5, 2, 4, 2, 5, 4, 5}
15.0774  {1, 2, 1, 4, 1, 5, 2, 4, 2, 5, 4, 5}
15.11  {1, 2, 1, 4, 1, 5, 2, 4, 2, 5, 4, 5}
15.1432  {1, 2, 1, 4, 1, 5, 2, 4, 2, 5, 4, 5}
15.1775  {1, 2, 1, 4, 1, 5, 2, 4, 2, 5, 4, 5}
15.2105  {1, 2, 1, 4, 1, 5, 2, 4, 2, 5, 4, 5}
15.2436  {1, 2, 1, 4, 1, 5, 2, 4, 2, 5, 4, 5}
15.2771  {1, 2, 1, 4, 1, 5, 2, 4, 2, 5, 4, 5}
15.3102  {1, 2, 1, 4, 1, 5, 2, 4, 2, 5, 4, 5}
15.3439  {1, 2, 1, 4, 1, 5, 2, 4, 2, 5, 4, 5}
15.3775  {1, 2, 1, 4, 1, 5, 2, 4, 2, 5, 4, 5}
15.4101  {1, 2, 1, 4, 1, 5, 2, 4, 2, 5, 4, 5}
15.4443  {1, 2, 1, 4, 1, 5, 2, 4, 2, 5, 4, 5}
15.4772  {1, 2, 1, 4, 1, 5, 2, 4, 2, 5, 4, 5}
15.5106  {1, 2, 1, 4, 1, 5, 2, 4, 2, 5, 4, 5}
15.5443  {1, 2, 1, 4, 1, 5, 2, 4, 2, 5, 4, 5}
15.5759  {1, 2, 1, 4, 1, 5, 2, 4, 2, 5, 4, 5}
15.609  {1, 2, 1, 4, 1, 5, 2, 4, 2, 5, 4, 5}
15.6431  {1, 2, 1, 4, 1, 5, 2, 4, 2, 5, 4, 5}
15.6773  {1, 2, 1, 4, 1, 5, 2, 4, 2, 5, 4, 5}
15.7103  {1, 2, 1, 4, 1, 5, 2, 4, 2, 5, 4, 5}
15.7433  {1, 2, 1, 4, 1, 5, 2, 4, 2, 5, 4, 5}
15.7774  {1, 2, 1, 4, 1, 5, 2, 4, 2, 5, 4, 5}
15.8099  {1, 2, 1, 4, 1, 5, 2, 4, 2, 5, 4, 5}
15.8455  {1, 2, 1, 4, 1, 5, 2, 4, 2, 5, 4, 5}
15.8774  {1, 2, 1, 4, 1, 5, 2, 4, 2, 5, 4, 5}
15.9107  {1, 2, 1, 4, 1, 5, 2, 4, 2, 5, 4, 5}
15.9452  {1, 2, 1, 4, 1, 5, 2, 4, 2, 5, 4, 5}
15.9764  {1, 2, 1, 4, 1, 5, 2, 4, 2, 5, 4, 5}
16.0092  {1, 2, 1, 4, 1, 5, 2, 4, 2, 5, 4, 5}
16.0432  {1, 2, 1, 4, 1, 5, 2, 4, 2, 5, 4, 5}
16.0763  {1, 2, 1, 4, 1, 5, 2, 4, 2, 5, 4, 5}
16.1094  {1, 2, 1, 4, 1, 5, 2, 4, 2, 5, 4, 5}
16.1451  {1, 2, 1, 4, 1, 5, 2, 4, 2, 5, 4, 5}
16.1774  {1, 2, 1, 4, 1, 5, 2, 4, 2, 5, 4, 5}
16.2095  {1, 2, 1, 4, 1, 5, 2, 4, 2, 5, 4, 5}
16.2433  {1, 2, 1, 4, 1, 5, 2, 4, 2, 5, 4, 5}
16.2762  {1, 2, 1, 4, 1, 5, 2, 4, 2, 5, 4, 5}
16.309  {1, 2, 1, 4, 1, 5, 2, 4, 2, 5, 4, 5}
16.3443  {1, 2, 1, 4, 1, 5, 2, 4, 2, 5, 4, 5}
16.3761  {1, 2, 1, 4, 1, 5, 2, 4, 2, 5, 4, 5}
16.409  {1, 2, 1, 4, 1, 5, 2, 4, 2, 5, 4, 5}
16.4441  {1, 2, 1, 4, 1, 5, 2, 4, 2, 5, 4, 5}
16.4776  {1, 2, 1, 4, 1, 5, 2, 4, 2, 5, 4, 5}
16.511  {1, 2, 1, 4, 1, 5, 2, 4, 2, 5, 4, 5}
16.5443  {1, 2, 1, 4, 1, 5, 2, 4, 2, 5, 4, 5}
16.5769  {1, 2, 1, 4, 1, 5, 2, 4, 2, 5, 4, 5}
16.611  {1, 2, 1, 4, 1, 5, 2, 4, 2, 5, 4, 5}
16.6435  {1, 2, 1, 4, 1, 5, 2, 4, 2, 5, 4, 5}
16.6775  {1, 2, 1, 4, 1, 5, 2, 4, 2, 5, 4, 5}
16.7108  {1, 2, 1, 4, 1, 5, 2, 4, 2, 5, 4, 5}
16.7437  {1, 2, 1, 4, 1, 5, 2, 4, 2, 5, 4, 5}
16.7774  {1, 2, 1, 4, 1, 5, 2, 4, 2, 5, 4, 5}
16.8107  {1, 2, 1, 4, 1, 5, 2, 4, 2, 5, 4, 5}
16.8437  {1, 2, 1, 4, 1, 5, 2, 4, 2, 5, 4, 5}
16.8776  {1, 2, 1, 4, 1, 5, 2, 4, 2, 5, 4, 5}
16.9103  {1, 2, 1, 4, 1, 5, 2, 4, 2, 5, 4, 5}
16.9443  {1, 2, 1, 4, 1, 5, 2, 4, 2, 5, 4, 5}
16.9776  {1, 2, 1, 4, 1, 5, 2, 4, 2, 5, 4, 5}
17.0101  {1, 2, 1, 4, 1, 5, 2, 4, 2, 5, 4, 5}
17.0443  {1, 2, 1, 4, 1, 5, 2, 4, 2, 5, 4, 5}
17.0778  {1, 2, 1, 4, 1, 5, 2, 4, 2, 5, 4, 5}
17.1103  {1, 2, 1, 4, 1, 5, 2, 4, 2, 5, 4, 5}
17.1446  {1, 2, 1, 4, 1, 5, 2, 4, 2, 5, 4, 5}
17.1776  {1, 2, 1, 4, 1, 5, 2, 4, 2, 5, 4, 5}
17.2117  {1, 2, 1, 4, 1, 5, 2, 4, 2, 5, 4, 5}
17.245  {1, 2, 1, 4, 1, 5, 2, 4, 2, 5, 4, 5}
17.2772  {1, 2, 1, 4, 1, 5, 2, 4, 2, 5, 4, 5}
17.3107  {1, 2, 1, 4, 1, 5, 2, 4, 2, 5, 4, 5}
17.3439  {1, 2, 1, 4, 1, 5, 2, 4, 2, 5, 4, 5}
17.3773  {1, 2, 1, 4, 1, 5, 2, 4, 2, 5, 4, 5}
17.4105  {1, 2, 1, 4, 1, 5, 2, 4, 2, 5, 4, 5}
17.4433  {1, 2, 1, 4, 1, 5, 2, 4, 2, 5, 4, 5}
17.4766  {1, 2, 1, 4, 1, 5, 2, 4, 2, 5, 4, 5}
17.5096  {1, 2, 1, 4, 1, 5, 2, 4, 2, 5, 4, 5}
17.543  {1, 2, 1, 4, 1, 5, 2, 4, 2, 5, 4, 5}
17.5761  {1, 2, 1, 4, 1, 5, 2, 4, 2, 5, 4, 5}
17.6101  {1, 2, 1, 4, 1, 5, 2, 4, 2, 5, 4, 5}
17.644  {1, 2, 1, 4, 1, 5, 2, 4, 2, 5, 4, 5}
17.6772  {1, 2, 1, 4, 1, 5, 2, 4, 2, 5, 4, 5}
17.7118  {1, 2, 1, 4, 1, 5, 2, 4, 2, 5, 4, 5}
17.7455  {1, 2, 1, 4, 1, 5, 2, 4, 2, 5, 4, 5}
17.777  {1, 2, 1, 4, 1, 5, 2, 4, 2, 5, 4, 5}
17.8101  {1, 2, 1, 4, 1, 5, 2, 4, 2, 5, 4, 5}
17.8425  {1, 2, 1, 4, 1, 5, 2, 4, 2, 5, 4, 5}
17.8773  {1, 2, 1, 4, 1, 5, 2, 4, 2, 5, 4, 5}
17.9105  {1, 2, 1, 4, 1, 5, 2, 4, 2, 5, 4, 5}
17.9438  {1, 2, 1, 4, 1, 5, 2, 4, 2, 5, 4, 5}
17.9778  {1, 2, 1, 4, 1, 5, 2, 4, 2, 5, 4, 5}
18.0109  {1, 2, 1, 4, 1, 5, 2, 4, 2, 5, 4, 5}
18.0429  {1, 2, 1, 4, 1, 5, 2, 4, 2, 5, 4, 5}
18.0772  {1, 2, 1, 4, 1, 5, 2, 4, 2, 5, 4, 5}
18.112  {1, 2, 1, 4, 1, 5, 2, 4, 2, 5, 4, 5}
18.1457  {1, 2, 1, 4, 1, 5, 2, 4, 2, 5, 4, 5}
18.1772  {1, 2, 1, 4, 1, 5, 2, 4, 2, 5, 4, 5}
18.2117  {1, 2, 1, 4, 1, 5, 2, 4, 2, 5, 4, 5}
18.2448  {1, 2, 1, 4, 1, 5, 2, 4, 2, 5, 4, 5}
18.2789  {1, 2, 1, 4, 1, 5, 2, 4, 2, 5, 4, 5}
18.3115  {1, 2, 1, 4, 1, 5, 2, 4, 2, 5, 4, 5}
18.3465  {1, 2, 1, 4, 1, 5, 2, 4, 2, 5, 4, 5}
18.3776  {1, 2, 1, 4, 1, 5, 2, 4, 2, 5, 4, 5}
18.4114  {1, 2, 1, 4, 1, 5, 2, 4, 2, 5, 4, 5}
18.4457  {1, 2, 1, 4, 1, 5, 2, 4, 2, 5, 4, 5}
18.4773  {1, 2, 1, 4, 1, 5, 2, 4, 2, 5, 4, 5}
18.5115  {1, 2, 1, 4, 1, 5, 2, 4, 2, 5, 4, 5}
18.5466  {1, 2, 1, 4, 1, 5, 2, 4, 2, 5, 4, 5}
18.5773  {1, 2, 1, 4, 1, 5, 2, 4, 2, 5, 4, 5}
18.6109  {1, 2, 1, 4, 1, 5, 2, 4, 2, 5, 4, 5}
18.644  {1, 2, 1, 4, 1, 5, 2, 4, 2, 5, 4, 5}
18.6771  {1, 2, 1, 4, 1, 5, 2, 4, 2, 5, 4, 5}
18.7114  {1, 2, 1, 4, 1, 5, 2, 4, 2, 5, 4, 5}
18.7452  {1, 2, 1, 4, 1, 5, 2, 4, 2, 5, 4, 5}
18.7794  {1, 2, 1, 4, 1, 5, 2, 4, 2, 5, 4, 5}
18.8109  {1, 2, 1, 4, 1, 5, 2, 4, 2, 5, 4, 5}
18.8446  {1, 2, 1, 4, 1, 5, 2, 4, 2, 5, 4, 5}
18.8768  {1, 2, 1, 4, 1, 5, 2, 4, 2, 5, 4, 5}
18.9113  {1, 2, 1, 4, 1, 5, 2, 4, 2, 5, 4, 5}
18.9454  {1, 2, 1, 4, 1, 5, 2, 4, 2, 5, 4, 5}
18.979  {1, 2, 1, 4, 1, 5, 2, 4, 2, 5, 4, 5}
19.0109  {1, 2, 1, 4, 1, 5, 2, 4, 2, 5, 4, 5}
19.0441  {1, 2, 1, 4, 1, 5, 2, 4, 2, 5, 4, 5}
19.0798  {1, 2, 1, 4, 1, 5, 2, 4, 2, 5, 4, 5}
19.1113  {1, 2, 1, 4, 1, 5, 2, 4, 2, 5, 4, 5}
19.1443  {1, 2, 1, 4, 1, 5, 2, 4, 2, 5, 4, 5}
19.1768  {1, 2, 1, 4, 1, 5, 2, 4, 2, 5, 4, 5}
19.2113  {1, 2, 1, 4, 1, 5, 2, 4, 2, 5, 4, 5}
19.2447  {1, 2, 1, 4, 1, 5, 2, 4, 2, 5, 4, 5}
19.2772  {1, 2, 1, 4, 1, 5, 2, 4, 2, 5, 4, 5}
19.3112  {1, 2, 1, 4, 1, 5, 2, 4, 2, 5, 4, 5}
19.3448  {1, 2, 1, 4, 1, 5, 2, 4, 2, 5, 4, 5}
19.3773  {1, 2, 1, 4, 1, 5, 2, 4, 2, 5, 4, 5}
19.4104  {1, 2, 1, 4, 1, 5, 2, 4, 2, 5, 4, 5}
19.4431  {1, 2, 1, 4, 1, 5, 2, 4, 2, 5, 4, 5}
19.4781  {1, 2, 1, 4, 1, 5, 2, 4, 2, 5, 4, 5}
19.5112  {1, 2, 1, 4, 1, 5, 2, 4, 2, 5, 4, 5}
19.5446  {1, 2, 1, 4, 1, 5, 2, 4, 2, 5, 4, 5}
19.5789  {1, 2, 1, 4, 1, 5, 2, 4, 2, 5, 4, 5}
19.611  {1, 2, 1, 4, 1, 5, 2, 4, 2, 5, 4, 5}
19.6443  {1, 2, 1, 4, 1, 5, 2, 4, 2, 5, 4, 5}
19.6762  {1, 2, 1, 4, 1, 5, 2, 4, 2, 5, 4, 5}
19.71  {1, 2, 1, 4, 1, 5, 2, 4, 2, 5, 4, 5}
19.7437  {1, 2, 1, 4, 1, 5, 2, 4, 2, 5, 4, 5}
19.7759  {1, 2, 1, 4, 1, 5, 2, 4, 2, 5, 4, 5}
19.8103  {1, 2, 1, 4, 1, 5, 2, 4, 2, 5, 4, 5}
19.8433  {1, 2, 1, 4, 1, 5, 2, 4, 2, 5, 4, 5}
19.8767  {1, 2, 1, 4, 1, 5, 2, 4, 2, 5, 4, 5}
19.9099  {1, 2, 1, 4, 1, 5, 2, 4, 2, 5, 4, 5}
19.9442  {1, 2, 1, 4, 1, 5, 2, 4, 2, 5, 4, 5}
19.9771  {1, 2, 1, 4, 1, 5, 2, 4, 2, 5, 4, 5}
20.0107  {1, 2, 1, 4, 1, 5, 2, 4, 2, 5, 4, 5}
20.0443  {1, 2, 1, 4, 1, 5, 2, 4, 2, 5, 4, 5}
20.0765  {1, 2, 1, 4, 1, 5, 2, 4, 2, 5, 4, 5}
20.1093  {1, 2, 1, 4, 1, 5, 2, 4, 2, 5, 4, 5}
20.1444  {1, 2, 1, 4, 1, 5, 2, 4, 2, 5, 4, 5}
20.1772  {1, 2, 1, 4, 1, 5, 2, 4, 2, 5, 4, 5}
20.2114  {1, 2, 1, 4, 1, 5, 2, 4, 2, 5, 4, 5}
20.2447  {1, 2, 1, 4, 1, 5, 2, 4, 2, 5, 4, 5}
20.2773  {1, 2, 1, 4, 1, 5, 2, 4, 2, 5, 4, 5}
20.3117  {1, 2, 1, 4, 1, 5, 2, 4, 2, 5, 4, 5}
20.3454  {1, 2, 1, 4, 1, 5, 2, 4, 2, 5, 4, 5}
20.3789  {1, 2, 1, 4, 1, 5, 2, 4, 2, 5, 4, 5}
20.4115  {1, 2, 1, 4, 1, 5, 2, 4, 2, 5, 4, 5}
20.4458  {1, 2, 1, 4, 1, 5, 2, 4, 2, 5, 4, 5}
20.4782  {1, 2, 1, 4, 1, 5, 2, 4, 2, 5, 4, 5}
20.5118  {1, 2, 1, 4, 1, 5, 2, 4, 2, 5, 4, 5}
20.5457  {1, 2, 1, 4, 1, 5, 2, 4, 2, 5, 4, 5}
20.5789  {1, 2, 1, 4, 1, 5, 2, 4, 2, 5, 4, 5}
20.612  {1, 2, 1, 4, 1, 5, 2, 4, 2, 5, 4, 5}
20.6449  {1, 2, 1, 4, 1, 5, 2, 4, 2, 5, 4, 5}
20.6785  {1, 2, 1, 4, 1, 5, 2, 4, 2, 5, 4, 5}
20.7116  {1, 2, 1, 4, 1, 5, 2, 4, 2, 5, 4, 5}
20.7443  {1, 2, 1, 4, 1, 5, 2, 4, 2, 5, 4, 5}
20.7783  {1, 2, 1, 4, 1, 5, 2, 4, 2, 5, 4, 5}
20.8119  {1, 2, 1, 4, 1, 5, 2, 4, 2, 5, 4, 5}
20.8451  {1, 2, 1, 4, 1, 5, 2, 4, 2, 5, 4, 5}
20.8792  {1, 2, 1, 4, 1, 5, 2, 4, 2, 5, 4, 5}
20.9114  {1, 2, 1, 4, 1, 5, 2, 4, 2, 5, 4, 5}
20.9443  {1, 2, 1, 4, 1, 5, 2, 4, 2, 5, 4, 5}
20.9782  {1, 2, 1, 4, 1, 5, 2, 4, 2, 5, 4, 5}
21.0118  {1, 2, 1, 4, 1, 5, 2, 4, 2, 5, 4, 5}
21.0469  {1, 2, 1, 4, 1, 5, 2, 4, 2, 5, 4, 5}
21.0794  {1, 2, 1, 4, 1, 5, 2, 4, 2, 5, 4, 5}
21.1115  {1, 2, 1, 4, 1, 5, 2, 4, 2, 5, 4, 5}
21.1451  {1, 2, 1, 4, 1, 5, 2, 4, 2, 5, 4, 5}
21.1777  {1, 2, 1, 4, 1, 5, 2, 4, 2, 5, 4, 5}
21.212  {1, 2, 1, 4, 1, 5, 2, 4, 2, 5, 4, 5}
21.2431  {1, 2, 1, 4, 1, 5, 2, 4, 2, 5, 4, 5}
21.2775  {1, 2, 1, 4, 1, 5, 2, 4, 2, 5, 4, 5}
21.3104  {1, 2, 1, 4, 1, 5, 2, 4, 2, 5, 4, 5}
21.3437  {1, 2, 1, 4, 1, 5, 2, 4, 2, 5, 4, 5}
21.3777  {1, 2, 1, 4, 1, 5, 2, 4, 2, 5, 4, 5}
21.4097  {1, 2, 1, 4, 1, 5, 2, 4, 2, 5, 4, 5}
21.4447  {1, 2, 1, 4, 1, 5, 2, 4, 2, 5, 4, 5}
21.4797  {1, 2, 1, 4, 1, 5, 2, 4, 2, 5, 4, 5}
21.511  {1, 2, 1, 4, 1, 5, 2, 4, 2, 5, 4, 5}
21.5456  {1, 2, 1, 4, 1, 5, 2, 4, 2, 5, 4, 5}
21.5779  {1, 2, 1, 4, 1, 5, 2, 4, 2, 5, 4, 5}
21.6109  {1, 2, 1, 4, 1, 5, 2, 4, 2, 5, 4, 5}
21.644  {1, 2, 1, 4, 1, 5, 2, 4, 2, 5, 4, 5}
21.678  {1, 2, 1, 4, 1, 5, 2, 4, 2, 5, 4, 5}
21.7101  {1, 2, 1, 4, 1, 5, 2, 4, 2, 5, 4, 5}
21.7438  {1, 2, 1, 4, 1, 5, 2, 4, 2, 5, 4, 5}
21.7772  {1, 2, 1, 4, 1, 5, 2, 4, 2, 5, 4, 5}
21.8104  {1, 2, 1, 4, 1, 5, 2, 4, 2, 5, 4, 5}
21.844  {1, 2, 1, 4, 1, 5, 2, 4, 2, 5, 4, 5}
21.8773  {1, 2, 1, 4, 1, 5, 2, 4, 2, 5, 4, 5}
21.9102  {1, 2, 1, 4, 1, 5, 2, 4, 2, 5, 4, 5}
21.9445  {1, 2, 1, 4, 1, 5, 2, 4, 2, 5, 4, 5}
21.9765  {1, 2, 1, 4, 1, 5, 2, 4, 2, 5, 4, 5}
22.0112  {1, 2, 1, 4, 1, 5, 2, 4, 2, 5, 4, 5}
22.0434  {1, 2, 1, 4, 1, 5, 2, 4, 2, 5, 4, 5}
22.0787  {1, 2, 1, 4, 1, 5, 2, 4, 2, 5, 4, 5}
22.1114  {1, 2, 1, 4, 1, 5, 2, 4, 2, 5, 4, 5}
22.1462  {1, 2, 1, 4, 1, 5, 2, 4, 2, 5, 4, 5}
22.1798  {1, 2, 1, 4, 1, 5, 2, 4, 2, 5, 4, 5}
22.2116  {1, 2, 1, 4, 1, 5, 2, 4, 2, 5, 4, 5}
22.2449  {1, 2, 1, 4, 1, 5, 2, 4, 2, 5, 4, 5}
22.279  {1, 2, 1, 4, 1, 5, 2, 4, 2, 5, 4, 5}
22.3113  {1, 2, 1, 4, 1, 5, 2, 4, 2, 5, 4, 5}
22.3471  {1, 2, 1, 4, 1, 5, 2, 4, 2, 5, 4, 5}
22.3801  {1, 2, 1, 4, 1, 5, 2, 4, 2, 5, 4, 5}
22.4122  {1, 2, 1, 4, 1, 5, 2, 4, 2, 5, 4, 5}
22.4462  {1, 2, 1, 4, 1, 5, 2, 4, 2, 5, 4, 5}
22.4783  {1, 2, 1, 4, 1, 5, 2, 4, 2, 5, 4, 5}
22.5112  {1, 2, 1, 4, 1, 5, 2, 4, 2, 5, 4, 5}
22.5466  {1, 2, 1, 4, 1, 5, 2, 4, 2, 5, 4, 5}
22.58  {1, 2, 1, 4, 1, 5, 2, 4, 2, 5, 4, 5}
22.6115  {1, 2, 1, 4, 1, 5, 2, 4, 2, 5, 4, 5}
22.6473  {1, 2, 1, 4, 1, 5, 2, 4, 2, 5, 4, 5}
22.678  {1, 2, 1, 4, 1, 5, 2, 4, 2, 5, 4, 5}
22.7117  {1, 2, 1, 4, 1, 5, 2, 4, 2, 5, 4, 5}
22.7447  {1, 2, 1, 4, 1, 5, 2, 4, 2, 5, 4, 5}
22.7787  {1, 2, 1, 4, 1, 5, 2, 4, 2, 5, 4, 5}
22.8109  {1, 2, 1, 4, 1, 5, 2, 4, 2, 5, 4, 5}
22.8446  {1, 2, 1, 4, 1, 5, 2, 4, 2, 5, 4, 5}
22.8796  {1, 2, 1, 4, 1, 5, 2, 4, 2, 5, 4, 5}
22.9128  {1, 2, 1, 4, 1, 5, 2, 4, 2, 5, 4, 5}
22.9465  {1, 2, 1, 4, 1, 5, 2, 4, 2, 5, 4, 5}
22.9802  {1, 2, 1, 4, 1, 5, 2, 4, 2, 5, 4, 5}
23.0115  {1, 2, 1, 4, 1, 5, 2, 4, 2, 5, 4, 5}
23.0464  {1, 2, 1, 4, 1, 5, 2, 4, 2, 5, 4, 5}
23.0779  {1, 2, 1, 4, 1, 5, 2, 4, 2, 5, 4, 5}
23.1112  {1, 2, 1, 4, 1, 5, 2, 4, 2, 5, 4, 5}
23.1452  {1, 2, 1, 4, 1, 5, 2, 4, 2, 5, 4, 5}
23.1793  {1, 2, 1, 4, 1, 5, 2, 4, 2, 5, 4, 5}
23.2121  {1, 2, 1, 4, 1, 5, 2, 4, 2, 5, 4, 5}
23.2449  {1, 2, 1, 4, 1, 5, 2, 4, 2, 5, 4, 5}
23.2789  {1, 2, 1, 4, 1, 5, 2, 4, 2, 5, 4, 5}
23.3123  {1, 2, 1, 4, 1, 5, 2, 4, 2, 5, 4, 5}
23.3451  {1, 2, 1, 4, 1, 5, 2, 4, 2, 5, 4, 5}
23.3784  {1, 2, 1, 4, 1, 5, 2, 4, 2, 5, 4, 5}
23.4113  {1, 2, 1, 4, 1, 5, 2, 4, 2, 5, 4, 5}
23.4452  {1, 2, 1, 4, 1, 5, 2, 4, 2, 5, 4, 5}
23.4773  {1, 2, 1, 4, 1, 5, 2, 4, 2, 5, 4, 5}
23.5102  {1, 2, 1, 4, 1, 5, 2, 4, 2, 5, 4, 5}
23.5441  {1, 2, 1, 4, 1, 5, 2, 4, 2, 5, 4, 5}
23.5772  {1, 2, 1, 4, 1, 5, 2, 4, 2, 5, 4, 5}
23.61  {1, 2, 1, 4, 1, 5, 2, 4, 2, 5, 4, 5}
23.6436  {1, 2, 1, 4, 1, 5, 2, 4, 2, 5, 4, 5}
23.6793  {1, 2, 1, 4, 1, 5, 2, 4, 2, 5, 4, 5}
23.7135  {1, 2, 1, 4, 1, 5, 2, 4, 2, 5, 4, 5}
23.7454  {1, 2, 1, 4, 1, 5, 2, 4, 2, 5, 4, 5}
23.7772  {1, 2, 1, 4, 1, 5, 2, 4, 2, 5, 4, 5}
23.8103  {1, 2, 1, 4, 1, 5, 2, 4, 2, 5, 4, 5}
23.8441  {1, 2, 1, 4, 1, 5, 2, 4, 2, 5, 4, 5}
23.8771  {1, 2, 1, 4, 1, 5, 2, 4, 2, 5, 4, 5}
23.9099  {1, 2, 1, 4, 1, 5, 2, 4, 2, 5, 4, 5}
23.9436  {1, 2, 1, 4, 1, 5, 2, 4, 2, 5, 4, 5}
23.9776  {1, 2, 1, 4, 1, 5, 2, 4, 2, 5, 4, 5}
24.0106  {1, 2, 1, 4, 1, 5, 2, 4, 2, 5, 4, 5}
24.0443  {1, 2, 1, 4, 1, 5, 2, 4, 2, 5, 4, 5}
24.077  {1, 2, 1, 4, 1, 5, 2, 4, 2, 5, 4, 5}
24.1102  {1, 2, 1, 4, 1, 5, 2, 4, 2, 5, 4, 5}
24.1457  {1, 2, 1, 4, 1, 5, 2, 4, 2, 5, 4, 5}
24.177  {1, 2, 1, 4, 1, 5, 2, 4, 2, 5, 4, 5}
24.2109  {1, 2, 1, 4, 1, 5, 2, 4, 2, 5, 4, 5}
24.2447  {1, 2, 1, 4, 1, 5, 2, 4, 2, 5, 4, 5}
24.2793  {1, 2, 1, 4, 1, 5, 2, 4, 2, 5, 4, 5}
24.3134  {1, 2, 1, 4, 1, 5, 2, 4, 2, 5, 4, 5}
24.3465  {1, 2, 1, 4, 1, 5, 2, 4, 2, 5, 4, 5}
24.3798  {1, 2, 1, 4, 1, 5, 2, 4, 2, 5, 4, 5}
24.4134  {1, 2, 1, 4, 1, 5, 2, 4, 2, 5, 4, 5}
24.4453  {1, 2, 1, 4, 1, 5, 2, 4, 2, 5, 4, 5}
24.4781  {1, 2, 1, 4, 1, 5, 2, 4, 2, 5, 4, 5}
24.5127  {1, 2, 1, 4, 1, 5, 2, 4, 2, 5, 4, 5}
24.5449  {1, 2, 1, 4, 1, 5, 2, 4, 2, 5, 4, 5}
24.5797  {1, 2, 1, 4, 1, 5, 2, 4, 2, 5, 4, 5}
24.613  {1, 2, 1, 4, 1, 5, 2, 4, 2, 5, 4, 5}
24.6452  {1, 2, 1, 4, 1, 5, 2, 4, 2, 5, 4, 5}
24.6795  {1, 2, 1, 4, 1, 5, 2, 4, 2, 5, 4, 5}
24.7124  {1, 2, 1, 4, 1, 5, 2, 4, 2, 5, 4, 5}
24.7451  {1, 2, 1, 4, 1, 5, 2, 4, 2, 5, 4, 5}
24.7795  {1, 2, 1, 4, 1, 5, 2, 4, 2, 5, 4, 5}
24.8121  {1, 2, 1, 4, 1, 5, 2, 4, 2, 5, 4, 5}
24.8449  {1, 2, 1, 4, 1, 5, 2, 4, 2, 5, 4, 5}
24.8793  {1, 2, 1, 4, 1, 5, 2, 4, 2, 5, 4, 5}
24.9115  {1, 2, 1, 4, 1, 5, 2, 4, 2, 5, 4, 5}
24.9478  {1, 2, 1, 4, 1, 5, 2, 4, 2, 5, 4, 5}
24.9789  {1, 2, 1, 4, 1, 5, 2, 4, 2, 5, 4, 5}
25.0121  {1, 2, 1, 4, 1, 5, 2, 4, 2, 5, 4, 5}
25.045  {1, 2, 1, 4, 1, 5, 2, 4, 2, 5, 4, 5}
25.0792  {1, 2, 1, 4, 1, 5, 2, 4, 2, 5, 4, 5}
25.1122  {1, 2, 1, 4, 1, 5, 2, 4, 2, 5, 4, 5}
25.1469  {1, 2, 1, 4, 1, 5, 2, 4, 2, 5, 4, 5}
25.1797  {1, 2, 1, 4, 1, 5, 2, 4, 2, 5, 4, 5}
25.2132  {1, 2, 1, 4, 1, 5, 2, 4, 2, 5, 4, 5}
25.2466  {1, 2, 1, 4, 1, 5, 2, 4, 2, 5, 4, 5}
25.2804  {1, 2, 1, 4, 1, 5, 2, 4, 2, 5, 4, 5}
25.3121  {1, 2, 1, 4, 1, 5, 2, 4, 2, 5, 4, 5}
25.3451  {1, 2, 1, 4, 1, 5, 2, 4, 2, 5, 4, 5}
25.3784  {1, 2, 1, 4, 1, 5, 2, 4, 2, 5, 4, 5}
25.4126  {1, 2, 1, 4, 1, 5, 2, 4, 2, 5, 4, 5}
25.4445  {1, 2, 1, 4, 1, 5, 2, 4, 2, 5, 4, 5}
25.4788  {1, 2, 1, 4, 1, 5, 2, 4, 2, 5, 4, 5}
25.5112  {1, 2, 1, 4, 1, 5, 2, 4, 2, 5, 4, 5}
25.5443  {1, 2, 1, 4, 1, 5, 2, 4, 2, 5, 4, 5}
25.5775  {1, 2, 1, 4, 1, 5, 2, 4, 2, 5, 4, 5}
25.6111  {1, 2, 1, 4, 1, 5, 2, 4, 2, 5, 4, 5}
25.644  {1, 2, 1, 4, 1, 5, 2, 4, 2, 5, 4, 5}
25.6783  {1, 2, 1, 4, 1, 5, 2, 4, 2, 5, 4, 5}
25.7129  {1, 2, 1, 4, 1, 5, 2, 4, 2, 5, 4, 5}
25.7448  {1, 2, 1, 4, 1, 5, 2, 4, 2, 5, 4, 5}
25.7777  {1, 2, 1, 4, 1, 5, 2, 4, 2, 5, 4, 5}
25.8105  {1, 2, 1, 4, 1, 5, 2, 4, 2, 5, 4, 5}
25.8449  {1, 2, 1, 4, 1, 5, 2, 4, 2, 5, 4, 5}
25.8787  {1, 2, 1, 4, 1, 5, 2, 4, 2, 5, 4, 5}
25.9107  {1, 2, 1, 4, 1, 5, 2, 4, 2, 5, 4, 5}
25.9448  {1, 2, 1, 4, 1, 5, 2, 4, 2, 5, 4, 5}
25.9772  {1, 2, 1, 4, 1, 5, 2, 4, 2, 5, 4, 5}
26.0122  {1, 2, 1, 4, 1, 5, 2, 4, 2, 5, 4, 5}
26.0448  {1, 2, 1, 4, 1, 5, 2, 4, 2, 5, 4, 5}
26.078  {1, 2, 1, 4, 1, 5, 2, 4, 2, 5, 4, 5}
26.1111  {1, 2, 1, 4, 1, 5, 2, 4, 2, 5, 4, 5}
26.144  {1, 2, 1, 4, 1, 5, 2, 4, 2, 5, 4, 5}
26.1774  {1, 2, 1, 4, 1, 5, 2, 4, 2, 5, 4, 5}
26.2124  {1, 2, 1, 4, 1, 5, 2, 4, 2, 5, 4, 5}
26.246  {1, 2, 1, 4, 1, 5, 2, 4, 2, 5, 4, 5}
26.2773  {1, 2, 1, 4, 1, 5, 2, 4, 2, 5, 4, 5}
26.3114  {1, 2, 1, 4, 1, 5, 2, 4, 2, 5, 4, 5}
26.3445  {1, 2, 1, 4, 1, 5, 2, 4, 2, 5, 4, 5}
26.3778  {1, 2, 1, 4, 1, 5, 2, 4, 2, 5, 4, 5}
26.4119  {1, 2, 1, 4, 1, 5, 2, 4, 2, 5, 4, 5}
26.4473  {1, 2, 1, 4, 1, 5, 2, 4, 2, 5, 4, 5}
26.4793  {1, 2, 1, 4, 1, 5, 2, 4, 2, 5, 4, 5}
26.5118  {1, 2, 1, 4, 1, 5, 2, 4, 2, 5, 4, 5}
26.547  {1, 2, 1, 4, 1, 5, 2, 4, 2, 5, 4, 5}
26.5801  {1, 2, 1, 4, 1, 5, 2, 4, 2, 5, 4, 5}
26.6129  {1, 2, 1, 4, 1, 5, 2, 4, 2, 5, 4, 5}
26.6454  {1, 2, 1, 4, 1, 5, 2, 4, 2, 5, 4, 5}
26.6783  {1, 2, 1, 4, 1, 5, 2, 4, 2, 5, 4, 5}
26.712  {1, 2, 1, 4, 1, 5, 2, 4, 2, 5, 4, 5}
26.7458  {1, 2, 1, 4, 1, 5, 2, 4, 2, 5, 4, 5}
26.7807  {1, 2, 1, 4, 1, 5, 2, 4, 2, 5, 4, 5}
26.8135  {1, 2, 1, 4, 1, 5, 2, 4, 2, 5, 4, 5}
26.846  {1, 2, 1, 4, 1, 5, 2, 4, 2, 5, 4, 5}
26.88  {1, 2, 1, 4, 1, 5, 2, 4, 2, 5, 4, 5}
26.9129  {1, 2, 1, 4, 1, 5, 2, 4, 2, 5, 4, 5}
26.9463  {1, 2, 1, 4, 1, 5, 2, 4, 2, 5, 4, 5}
26.981  {1, 2, 1, 4, 1, 5, 2, 4, 2, 5, 4, 5}
27.0133  {1, 2, 1, 4, 1, 5, 2, 4, 2, 5, 4, 5}
27.0466  {1, 2, 1, 4, 1, 5, 2, 4, 2, 5, 4, 5}
27.0803  {1, 2, 1, 4, 1, 5, 2, 4, 2, 5, 4, 5}
27.1118  {1, 2, 1, 4, 1, 5, 2, 4, 2, 5, 4, 5}
27.1453  {1, 2, 1, 4, 1, 5, 2, 4, 2, 5, 4, 5}
27.1792  {1, 2, 1, 4, 1, 5, 2, 4, 2, 5, 4, 5}
27.2126  {1, 2, 1, 4, 1, 5, 2, 4, 2, 5, 4, 5}
27.2449  {1, 2, 1, 4, 1, 5, 2, 4, 2, 5, 4, 5}
27.2787  {1, 2, 1, 4, 1, 5, 2, 4, 2, 5, 4, 5}
27.3138  {1, 2, 1, 4, 1, 5, 2, 4, 2, 5, 4, 5}
27.347  {1, 2, 1, 4, 1, 5, 2, 4, 2, 5, 4, 5}
27.3805  {1, 2, 1, 4, 1, 5, 2, 4, 2, 5, 4, 5}
27.4127  {1, 2, 1, 4, 1, 5, 2, 4, 2, 5, 4, 5}
27.4457  {1, 2, 1, 4, 1, 5, 2, 4, 2, 5, 4, 5}
27.4797  {1, 2, 1, 4, 1, 5, 2, 4, 2, 5, 4, 5}
27.5139  {1, 2, 1, 4, 1, 5, 2, 4, 2, 5, 4, 5}
27.5458  {1, 2, 1, 4, 1, 5, 2, 4, 2, 5, 4, 5}
27.5795  {1, 2, 1, 4, 1, 5, 2, 4, 2, 5, 4, 5}
27.6122  {1, 2, 1, 4, 1, 5, 2, 4, 2, 5, 4, 5}
27.6472  {1, 2, 1, 4, 1, 5, 2, 4, 2, 5, 4, 5}
27.6797  {1, 2, 1, 4, 1, 5, 2, 4, 2, 5, 4, 5}
27.7131  {1, 2, 1, 4, 1, 5, 2, 4, 2, 5, 4, 5}
27.7462  {1, 2, 1, 4, 1, 5, 2, 4, 2, 5, 4, 5}
27.779  {1, 2, 1, 4, 1, 5, 2, 4, 2, 5, 4, 5}
27.8118  {1, 2, 1, 4, 1, 5, 2, 4, 2, 5, 4, 5}
27.8457  {1, 2, 1, 4, 1, 5, 2, 4, 2, 5, 4, 5}
27.8786  {1, 2, 1, 4, 1, 5, 2, 4, 2, 5, 4, 5}
27.9123  {1, 2, 1, 4, 1, 5, 2, 4, 2, 5, 4, 5}
27.9457  {1, 2, 1, 4, 1, 5, 2, 4, 2, 5, 4, 5}
27.9788  {1, 2, 1, 4, 1, 5, 2, 4, 2, 5, 4, 5}
28.0105  {1, 2, 1, 4, 1, 5, 2, 4, 2, 5, 4, 5}
28.0458  {1, 2, 1, 4, 1, 5, 2, 4, 2, 5, 4, 5}
28.0808  {1, 2, 1, 4, 1, 5, 2, 4, 2, 5, 4, 5}
28.112  {1, 2, 1, 4, 1, 5, 2, 4, 2, 5, 4, 5}
28.1448  {1, 2, 1, 4, 1, 5, 2, 4, 2, 5, 4, 5}
28.1788  {1, 2, 1, 4, 1, 5, 2, 4, 2, 5, 4, 5}
28.2109  {1, 2, 1, 4, 1, 5, 2, 4, 2, 5, 4, 5}
28.2458  {1, 2, 1, 4, 1, 5, 2, 4, 2, 5, 4, 5}
28.2784  {1, 2, 1, 4, 1, 5, 2, 4, 2, 5, 4, 5}
28.3106  {1, 2, 1, 4, 1, 5, 2, 4, 2, 5, 4, 5}
28.3448  {1, 2, 1, 4, 1, 5, 2, 4, 2, 5, 4, 5}
28.3787  {1, 2, 1, 4, 1, 5, 2, 4, 2, 5, 4, 5}
28.4117  {1, 2, 1, 4, 1, 5, 2, 4, 2, 5, 4, 5}
28.4448  {1, 2, 1, 4, 1, 5, 2, 4, 2, 5, 4, 5}
28.4789  {1, 2, 1, 4, 1, 5, 2, 4, 2, 5, 4, 5}
28.5111  {1, 2, 1, 4, 1, 5, 2, 4, 2, 5, 4, 5}
28.5459  {1, 2, 1, 4, 1, 5, 2, 4, 2, 5, 4, 5}
28.5788  {1, 2, 1, 4, 1, 5, 2, 4, 2, 5, 4, 5}
28.6113  {1, 2, 1, 4, 1, 5, 2, 4, 2, 5, 4, 5}
28.6447  {1, 2, 1, 4, 1, 5, 2, 4, 2, 5, 4, 5}
28.6786  {1, 2, 1, 4, 1, 5, 2, 4, 2, 5, 4, 5}
28.7118  {1, 2, 1, 4, 1, 5, 2, 4, 2, 5, 4, 5}
28.7452  {1, 2, 1, 4, 1, 5, 2, 4, 2, 5, 4, 5}
28.7792  {1, 2, 1, 4, 1, 5, 2, 4, 2, 5, 4, 5}
28.8115  {1, 2, 1, 4, 1, 5, 2, 4, 2, 5, 4, 5}
28.845  {1, 2, 1, 4, 1, 5, 2, 4, 2, 5, 4, 5}
28.88  {1, 2, 1, 4, 1, 5, 2, 4, 2, 5, 4, 5}
28.9121  {1, 2, 1, 4, 1, 5, 2, 4, 2, 5, 4, 5}
28.9475  {1, 2, 1, 4, 1, 5, 2, 4, 2, 5, 4, 5}
28.9792  {1, 2, 1, 4, 1, 5, 2, 4, 2, 5, 4, 5}
29.0125  {1, 2, 1, 4, 1, 5, 2, 4, 2, 5, 4, 5}
29.0466  {1, 2, 1, 4, 1, 5, 2, 4, 2, 5, 4, 5}
29.0807  {1, 2, 1, 4, 1, 5, 2, 4, 2, 5, 4, 5}
29.1145  {1, 2, 1, 4, 1, 5, 2, 4, 2, 5, 4, 5}
29.1483  {1, 2, 1, 4, 1, 5, 2, 4, 2, 5, 4, 5}
29.1811  {1, 2, 1, 4, 1, 5, 2, 4, 2, 5, 4, 5}
29.214  {1, 2, 1, 4, 1, 5, 2, 4, 2, 5, 4, 5}
29.2454  {1, 2, 1, 4, 1, 5, 2, 4, 2, 5, 4, 5}
29.2808  {1, 2, 1, 4, 1, 5, 2, 4, 2, 5, 4, 5}
29.3141  {1, 2, 1, 4, 1, 5, 2, 4, 2, 5, 4, 5}
29.347  {1, 2, 1, 4, 1, 5, 2, 4, 2, 5, 4, 5}
29.3811  {1, 2, 1, 4, 1, 5, 2, 4, 2, 5, 4, 5}
29.4131  {1, 2, 1, 4, 1, 5, 2, 4, 2, 5, 4, 5}
29.4476  {1, 2, 1, 4, 1, 5, 2, 4, 2, 5, 4, 5}
29.481  {1, 2, 1, 4, 1, 5, 2, 4, 2, 5, 4, 5}
29.5133  {1, 2, 1, 4, 1, 5, 2, 4, 2, 5, 4, 5}
29.5474  {1, 2, 1, 4, 1, 5, 2, 4, 2, 5, 4, 5}
29.5809  {1, 2, 1, 4, 1, 5, 2, 4, 2, 5, 4, 5}
29.6142  {1, 2, 1, 4, 1, 5, 2, 4, 2, 5, 4, 5}
29.6457  {1, 2, 1, 4, 1, 5, 2, 4, 2, 5, 4, 5}
29.6809  {1, 2, 1, 4, 1, 5, 2, 4, 2, 5, 4, 5}
29.7134  {1, 2, 1, 4, 1, 5, 2, 4, 2, 5, 4, 5}
29.7478  {1, 2, 1, 4, 1, 5, 2, 4, 2, 5, 4, 5}
29.7807  {1, 2, 1, 4, 1, 5, 2, 4, 2, 5, 4, 5}
29.8146  {1, 2, 1, 4, 1, 5, 2, 4, 2, 5, 4, 5}
29.846  {1, 2, 1, 4, 1, 5, 2, 4, 2, 5, 4, 5}
29.8805  {1, 2, 1, 4, 1, 5, 2, 4, 2, 5, 4, 5}
29.9139  {1, 2, 1, 4, 1, 5, 2, 4, 2, 5, 4, 5}
29.9458  {1, 2, 1, 4, 1, 5, 2, 4, 2, 5, 4, 5}
29.9809  {1, 2, 1, 4, 1, 5, 2, 4, 2, 5, 4, 5}
30.0136  {1, 2, 1, 4, 1, 5, 2, 4, 2, 5, 4, 5}
30.0459  {1, 2, 1, 4, 1, 5, 2, 4, 2, 5, 4, 5}
30.0805  {1, 2, 1, 4, 1, 5, 2, 4, 2, 5, 4, 5}
30.1135  {1, 2, 1, 4, 1, 5, 2, 4, 2, 5, 4, 5}
30.1462  {1, 2, 1, 4, 1, 5, 2, 4, 2, 5, 4, 5}
30.1809  {1, 2, 1, 4, 1, 5, 2, 4, 2, 5, 4, 5}
30.2144  {1, 2, 1, 4, 1, 5, 2, 4, 2, 5, 4, 5}
30.2457  {1, 2, 1, 4, 1, 5, 2, 4, 2, 5, 4, 5}
30.2782  {1, 2, 1, 4, 1, 5, 2, 4, 2, 5, 4, 5}
30.312  {1, 2, 1, 4, 1, 5, 2, 4, 2, 5, 4, 5}
30.3452  {1, 2, 1, 4, 1, 5, 2, 4, 2, 5, 4, 5}
30.3792  {1, 2, 1, 4, 1, 5, 2, 4, 2, 5, 4, 5}
30.412  {1, 2, 1, 4, 1, 5, 2, 4, 2, 5, 4, 5}
30.4461  {1, 2, 1, 4, 1, 5, 2, 4, 2, 5, 4, 5}
30.4802  {1, 2, 1, 4, 1, 5, 2, 4, 2, 5, 4, 5}
30.5138  {1, 2, 1, 4, 1, 5, 2, 4, 2, 5, 4, 5}
30.5453  {1, 2, 1, 4, 1, 5, 2, 4, 2, 5, 4, 5}
30.5795  {1, 2, 1, 4, 1, 5, 2, 4, 2, 5, 4, 5}
30.6118  {1, 2, 1, 4, 1, 5, 2, 4, 2, 5, 4, 5}
30.6452  {1, 2, 1, 4, 1, 5, 2, 4, 2, 5, 4, 5}
30.6784  {1, 2, 1, 4, 1, 5, 2, 4, 2, 5, 4, 5}
30.7129  {1, 2, 1, 4, 1, 5, 2, 4, 2, 5, 4, 5}
30.7461  {1, 2, 1, 4, 1, 5, 2, 4, 2, 5, 4, 5}
30.7793  {1, 2, 1, 4, 1, 5, 2, 4, 2, 5, 4, 5}
30.8129  {1, 2, 1, 4, 1, 5, 2, 4, 2, 5, 4, 5}
30.8458  {1, 2, 1, 4, 1, 5, 2, 4, 2, 5, 4, 5}
30.8792  {1, 2, 1, 4, 1, 5, 2, 4, 2, 5, 4, 5}
30.9145  {1, 2, 1, 4, 1, 5, 2, 4, 2, 5, 4, 5}
30.948  {1, 2, 1, 4, 1, 5, 2, 4, 2, 5, 4, 5}
30.9811  {1, 2, 1, 4, 1, 5, 2, 4, 2, 5, 4, 5}
31.0128  {1, 2, 1, 4, 1, 5, 2, 4, 2, 5, 4, 5}
31.0478  {1, 2, 1, 4, 1, 5, 2, 4, 2, 5, 4, 5}
31.0809  {1, 2, 1, 4, 1, 5, 2, 4, 2, 5, 4, 5}
31.1149  {1, 2, 1, 4, 1, 5, 2, 4, 2, 5, 4, 5}
31.1503  {1, 2, 1, 4, 1, 5, 2, 4, 2, 5, 4, 5}
31.1796  {1, 2, 1, 4, 1, 5, 2, 4, 2, 5, 4, 5}
31.214  {1, 2, 1, 4, 1, 5, 2, 4, 2, 5, 4, 5}
31.247  {1, 2, 1, 4, 1, 5, 2, 4, 2, 5, 4, 5}
31.2792  {1, 2, 1, 4, 1, 5, 2, 4, 2, 5, 4, 5}
31.3137  {1, 2, 1, 4, 1, 5, 2, 4, 2, 5, 4, 5}
31.348  {1, 2, 1, 4, 1, 5, 2, 4, 2, 5, 4, 5}
31.3796  {1, 2, 1, 4, 1, 5, 2, 4, 2, 5, 4, 5}
31.4139  {1, 2, 1, 4, 1, 5, 2, 4, 2, 5, 4, 5}
31.4541  {1, 2, 1, 4, 1, 5, 2, 4, 2, 5, 4, 5}
31.486  {1, 2, 1, 4, 1, 5, 2, 4, 2, 5, 4, 5}
31.5174  {1, 2, 1, 4, 1, 5, 2, 4, 2, 5, 4, 5}
31.5474  {1, 2, 1, 4, 1, 5, 2, 4, 2, 5, 4, 5}
31.5815  {1, 2, 1, 4, 1, 5, 2, 4, 2, 5, 4, 5}
31.6149  {1, 2, 1, 4, 1, 5, 2, 4, 2, 5, 4, 5}
31.6481  {1, 2, 1, 4, 1, 5, 2, 4, 2, 5, 4, 5}
31.6807  {1, 2, 1, 4, 1, 5, 2, 4, 2, 5, 4, 5}
31.7137  {1, 2, 1, 4, 1, 5, 2, 4, 2, 5, 4, 5}
31.7476  {1, 2, 1, 4, 1, 5, 2, 4, 2, 5, 4, 5}
31.781  {1, 2, 1, 4, 1, 5, 2, 4, 2, 5, 4, 5}
31.8131  {1, 2, 1, 4, 1, 5, 2, 4, 2, 5, 4, 5}
31.8475  {1, 2, 1, 4, 1, 5, 2, 4, 2, 5, 4, 5}
31.8808  {1, 2, 1, 4, 1, 5, 2, 4, 2, 5, 4, 5}
31.9147  {1, 2, 1, 4, 1, 5, 2, 4, 2, 5, 4, 5}
31.9477  {1, 2, 1, 4, 1, 5, 2, 4, 2, 5, 4, 5}
31.9809  {1, 2, 1, 4, 1, 5, 2, 4, 2, 5, 4, 5}
32.0138  {1, 2, 1, 4, 1, 5, 2, 4, 2, 5, 4, 5}
32.049  {1, 2, 1, 4, 1, 5, 2, 4, 2, 5, 4, 5}
32.0794  {1, 2, 1, 4, 1, 5, 2, 4, 2, 5, 4, 5}
32.1139  {1, 2, 1, 4, 1, 5, 2, 4, 2, 5, 4, 5}
32.1474  {1, 2, 1, 4, 1, 5, 2, 4, 2, 5, 4, 5}
32.1813  {1, 2, 1, 4, 1, 5, 2, 4, 2, 5, 4, 5}
32.2142  {1, 2, 1, 4, 1, 5, 2, 4, 2, 5, 4, 5}
32.249  {1, 2, 1, 4, 1, 5, 2, 4, 2, 5, 4, 5}
32.2783  {1, 2, 1, 4, 1, 5, 2, 4, 2, 5, 4, 5}
32.3134  {1, 2, 1, 4, 1, 5, 2, 4, 2, 5, 4, 5}
32.345  {1, 2, 1, 4, 1, 5, 2, 4, 2, 5, 4, 5}
32.3793  {1, 2, 1, 4, 1, 5, 2, 4, 2, 5, 4, 5}
32.4132  {1, 2, 1, 4, 1, 5, 2, 4, 2, 5, 4, 5}
32.4458  {1, 2, 1, 4, 1, 5, 2, 4, 2, 5, 4, 5}
32.4806  {1, 2, 1, 4, 1, 5, 2, 4, 2, 5, 4, 5}
32.5131  {1, 2, 1, 4, 1, 5, 2, 4, 2, 5, 4, 5}
32.5472  {1, 2, 1, 4, 1, 5, 2, 4, 2, 5, 4, 5}
32.5788  {1, 2, 1, 4, 1, 5, 2, 4, 2, 5, 4, 5}
32.613  {1, 2, 1, 4, 1, 5, 2, 4, 2, 5, 4, 5}
32.6454  {1, 2, 1, 4, 1, 5, 2, 4, 2, 5, 4, 5}
32.6815  {1, 2, 1, 4, 1, 5, 2, 4, 2, 5, 4, 5}
32.716  {1, 2, 1, 4, 1, 5, 2, 4, 2, 5, 4, 5}
32.7473  {1, 2, 1, 4, 1, 5, 2, 4, 2, 5, 4, 5}
32.7791  {1, 2, 1, 4, 1, 5, 2, 4, 2, 5, 4, 5}
32.8123  {1, 2, 1, 4, 1, 5, 2, 4, 2, 5, 4, 5}
32.8462  {1, 2, 1, 4, 1, 5, 2, 4, 2, 5, 4, 5}
32.8816  {1, 2, 1, 4, 1, 5, 2, 4, 2, 5, 4, 5}
32.9141  {1, 2, 1, 4, 1, 5, 2, 4, 2, 5, 4, 5}
32.9471  {1, 2, 1, 4, 1, 5, 2, 4, 2, 5, 4, 5}
32.9809  {1, 2, 1, 4, 1, 5, 2, 4, 2, 5, 4, 5}
33.0141  {1, 2, 1, 4, 1, 5, 2, 4, 2, 5, 4, 5}
33.0476  {1, 2, 1, 4, 1, 5, 2, 4, 2, 5, 4, 5}
33.0822  {1, 2, 1, 4, 1, 5, 2, 4, 2, 5, 4, 5}
33.1128  {1, 2, 1, 4, 1, 5, 2, 4, 2, 5, 4, 5}
33.1474  {1, 2, 1, 4, 1, 5, 2, 4, 2, 5, 4, 5}
33.1807  {1, 2, 1, 4, 1, 5, 2, 4, 2, 5, 4, 5}
33.2144  {1, 2, 1, 4, 1, 5, 2, 4, 2, 5, 4, 5}
33.248  {1, 2, 1, 4, 1, 5, 2, 4, 2, 5, 4, 5}
33.2807  {1, 2, 1, 4, 1, 5, 2, 4, 2, 5, 4, 5}
33.3144  {1, 2, 1, 4, 1, 5, 2, 4, 2, 5, 4, 5}
33.3472  {1, 2, 1, 4, 1, 5, 2, 4, 2, 5, 4, 5}
33.3812  {1, 2, 1, 4, 1, 5, 2, 4, 2, 5, 4, 5}
33.4145  {1, 2, 1, 4, 1, 5, 2, 4, 2, 5, 4, 5}
33.4474  {1, 2, 1, 4, 1, 5, 2, 4, 2, 5, 4, 5}
33.4824  {1, 2, 1, 4, 1, 5, 2, 4, 2, 5, 4, 5}
33.5143  {1, 2, 1, 4, 1, 5, 2, 4, 2, 5, 4, 5}
33.5461  {1, 2, 1, 4, 1, 5, 2, 4, 2, 5, 4, 5}
33.5816  {1, 2, 1, 4, 1, 5, 2, 4, 2, 5, 4, 5}
33.6178  {1, 2, 1, 4, 1, 5, 2, 4, 2, 5, 4, 5}
33.652  {1, 2, 1, 4, 1, 5, 2, 4, 2, 5, 4, 5}
33.687  {1, 2, 1, 4, 1, 5, 2, 4, 2, 5, 4, 5}
33.7147  {1, 2, 1, 4, 1, 5, 2, 4, 2, 5, 4, 5}
33.7469  {1, 2, 1, 4, 1, 5, 2, 4, 2, 5, 4, 5}
33.7806  {1, 2, 1, 4, 1, 5, 2, 4, 2, 5, 4, 5}
33.8149  {1, 2, 1, 4, 1, 5, 2, 4, 2, 5, 4, 5}
33.8483  {1, 2, 1, 4, 1, 5, 2, 4, 2, 5, 4, 5}
33.8814  {1, 2, 1, 4, 1, 5, 2, 4, 2, 5, 4, 5}
33.915  {1, 2, 1, 4, 1, 5, 2, 4, 2, 5, 4, 5}
33.9482  {1, 2, 1, 4, 1, 5, 2, 4, 2, 5, 4, 5}
33.9807  {1, 2, 1, 4, 1, 5, 2, 4, 2, 5, 4, 5}
34.0156  {1, 2, 1, 4, 1, 5, 2, 4, 2, 5, 4, 5}
34.05  {1, 2, 1, 4, 1, 5, 2, 4, 2, 5, 4, 5}
34.0817  {1, 2, 1, 4, 1, 5, 2, 4, 2, 5, 4, 5}
34.1154  {1, 2, 1, 4, 1, 5, 2, 4, 2, 5, 4, 5}
34.1486  {1, 2, 1, 4, 1, 5, 2, 4, 2, 5, 4, 5}
34.1812  {1, 2, 1, 4, 1, 5, 2, 4, 2, 5, 4, 5}
34.2146  {1, 2, 1, 4, 1, 5, 2, 4, 2, 5, 4, 5}
34.2477  {1, 2, 1, 4, 1, 5, 2, 4, 2, 5, 4, 5}
34.28  {1, 2, 1, 4, 1, 5, 2, 4, 2, 5, 4, 5}
34.3135  {1, 2, 1, 4, 1, 5, 2, 4, 2, 5, 4, 5}
34.3468  {1, 2, 1, 4, 1, 5, 2, 4, 2, 5, 4, 5}
34.3784  {1, 2, 1, 4, 1, 5, 2, 4, 2, 5, 4, 5}
34.4132  {1, 2, 1, 4, 1, 5, 2, 4, 2, 5, 4, 5}
34.4473  {1, 2, 1, 4, 1, 5, 2, 4, 2, 5, 4, 5}
34.4818  {1, 2, 1, 4, 1, 5, 2, 4, 2, 5, 4, 5}
34.5139  {1, 2, 1, 4, 1, 5, 2, 4, 2, 5, 4, 5}
34.5472  {1, 2, 1, 4, 1, 5, 2, 4, 2, 5, 4, 5}
34.5787  {1, 2, 1, 4, 1, 5, 2, 4, 2, 5, 4, 5}
34.612  {1, 2, 1, 4, 1, 5, 2, 4, 2, 5, 4, 5}
34.6465  {1, 2, 1, 4, 1, 5, 2, 4, 2, 5, 4, 5}
34.6795  {1, 2, 1, 4, 1, 5, 2, 4, 2, 5, 4, 5}
34.7124  {1, 2, 1, 4, 1, 5, 2, 4, 2, 5, 4, 5}
34.7489  {1, 2, 1, 4, 1, 5, 2, 4, 2, 5, 4, 5}
34.7791  {1, 2, 1, 4, 1, 5, 2, 4, 2, 5, 4, 5}
34.8139  {1, 2, 1, 4, 1, 5, 2, 4, 2, 5, 4, 5}
34.8477  {1, 2, 1, 4, 1, 5, 2, 4, 2, 5, 4, 5}
34.881  {1, 2, 1, 4, 1, 5, 2, 4, 2, 5, 4, 5}
34.913  {1, 2, 1, 4, 1, 5, 2, 4, 2, 5, 4, 5}
34.9472  {1, 2, 1, 4, 1, 5, 2, 4, 2, 5, 4, 5}
34.9791  {1, 2, 1, 4, 1, 5, 2, 4, 2, 5, 4, 5}
35.0136  {1, 2, 1, 4, 1, 5, 2, 4, 2, 5, 4, 5}
35.0471  {1, 2, 1, 4, 1, 5, 2, 4, 2, 5, 4, 5}
35.082  {1, 2, 1, 4, 1, 5, 2, 4, 2, 5, 4, 5}
35.1147  {1, 2, 1, 4, 1, 5, 2, 4, 2, 5, 4, 5}
35.1476  {1, 2, 1, 4, 1, 5, 2, 4, 2, 5, 4, 5}
35.1825  {1, 2, 1, 4, 1, 5, 2, 4, 2, 5, 4, 5}
35.2155  {1, 2, 1, 4, 1, 5, 2, 4, 2, 5, 4, 5}
35.2488  {1, 2, 1, 4, 1, 5, 2, 4, 2, 5, 4, 5}
35.2825  {1, 2, 1, 4, 1, 5, 2, 4, 2, 5, 4, 5}
35.3136  {1, 2, 1, 4, 1, 5, 2, 4, 2, 5, 4, 5}
35.3487  {1, 2, 1, 4, 1, 5, 2, 4, 2, 5, 4, 5}
35.3806  {1, 2, 1, 4, 1, 5, 2, 4, 2, 5, 4, 5}
35.4146  {1, 2, 1, 4, 1, 5, 2, 4, 2, 5, 4, 5}
35.4488  {1, 2, 1, 4, 1, 5, 2, 4, 2, 5, 4, 5}
35.482  {1, 2, 1, 4, 1, 5, 2, 4, 2, 5, 4, 5}
35.5145  {1, 2, 1, 4, 1, 5, 2, 4, 2, 5, 4, 5}
35.549  {1, 2, 1, 4, 1, 5, 2, 4, 2, 5, 4, 5}
35.582  {1, 2, 1, 4, 1, 5, 2, 4, 2, 5, 4, 5}
35.6158  {1, 2, 1, 4, 1, 5, 2, 4, 2, 5, 4, 5}
35.6494  {1, 2, 1, 4, 1, 5, 2, 4, 2, 5, 4, 5}
35.6807  {1, 2, 1, 4, 1, 5, 2, 4, 2, 5, 4, 5}
35.7152  {1, 2, 1, 4, 1, 5, 2, 4, 2, 5, 4, 5}
35.7487  {1, 2, 1, 4, 1, 5, 2, 4, 2, 5, 4, 5}
35.7825  {1, 2, 1, 4, 1, 5, 2, 4, 2, 5, 4, 5}
35.8167  {1, 2, 1, 4, 1, 5, 2, 4, 2, 5, 4, 5}
35.8479  {1, 2, 1, 4, 1, 5, 2, 4, 2, 5, 4, 5}
35.8829  {1, 2, 1, 4, 1, 5, 2, 4, 2, 5, 4, 5}
35.9148  {1, 2, 1, 4, 1, 5, 2, 4, 2, 5, 4, 5}
35.9486  {1, 2, 1, 4, 1, 5, 2, 4, 2, 5, 4, 5}
35.9839  {1, 2, 1, 4, 1, 5, 2, 4, 2, 5, 4, 5}
36.0138  {1, 2, 1, 4, 1, 5, 2, 4, 2, 5, 4, 5}
36.0495  {1, 2, 1, 4, 1, 5, 2, 4, 2, 5, 4, 5}
36.0817  {1, 2, 1, 4, 1, 5, 2, 4, 2, 5, 4, 5}
36.1173  {1, 2, 1, 4, 1, 5, 2, 4, 2, 5, 4, 5}
36.1518  {1, 2, 1, 4, 1, 5, 2, 4, 2, 5, 4, 5}
36.1809  {1, 2, 1, 4, 1, 5, 2, 4, 2, 5, 4, 5}
36.2154  {1, 2, 1, 4, 1, 5, 2, 4, 2, 5, 4, 5}
36.2472  {1, 2, 1, 4, 1, 5, 2, 4, 2, 5, 4, 5}
36.2819  {1, 2, 1, 4, 1, 5, 2, 4, 2, 5, 4, 5}
36.3138  {1, 2, 1, 4, 1, 5, 2, 4, 2, 5, 4, 5}
36.3463  {1, 2, 1, 4, 1, 5, 2, 4, 2, 5, 4, 5}
36.3803  {1, 2, 1, 4, 1, 5, 2, 4, 2, 5, 4, 5}
36.4141  {1, 2, 1, 4, 1, 5, 2, 4, 2, 5, 4, 5}
36.4476  {1, 2, 1, 4, 1, 5, 2, 4, 2, 5, 4, 5}
36.4809  {1, 2, 1, 4, 1, 5, 2, 4, 2, 5, 4, 5}
36.513  {1, 2, 1, 4, 1, 5, 2, 4, 2, 5, 4, 5}
36.5469  {1, 2, 1, 4, 1, 5, 2, 4, 2, 5, 4, 5}
36.581  {1, 2, 1, 4, 1, 5, 2, 4, 2, 5, 4, 5}
36.6144  {1, 2, 1, 4, 1, 5, 2, 4, 2, 5, 4, 5}
36.6485  {1, 2, 1, 4, 1, 5, 2, 4, 2, 5, 4, 5}
36.6804  {1, 2, 1, 4, 1, 5, 2, 4, 2, 5, 4, 5}
36.714  {1, 2, 1, 4, 1, 5, 2, 4, 2, 5, 4, 5}
36.7482  {1, 2, 1, 4, 1, 5, 2, 4, 2, 5, 4, 5}
36.7801  {1, 2, 1, 4, 1, 5, 2, 4, 2, 5, 4, 5}
36.814  {1, 2, 1, 4, 1, 5, 2, 4, 2, 5, 4, 5}
36.8464  {1, 2, 1, 4, 1, 5, 2, 4, 2, 5, 4, 5}
36.8821  {1, 2, 1, 4, 1, 5, 2, 4, 2, 5, 4, 5}
36.9162  {1, 2, 1, 4, 1, 5, 2, 4, 2, 5, 4, 5}
36.9481  {1, 2, 1, 4, 1, 5, 2, 4, 2, 5, 4, 5}
36.9822  {1, 2, 1, 4, 1, 5, 2, 4, 2, 5, 4, 5}
37.0146  {1, 2, 1, 4, 1, 5, 2, 4, 2, 5, 4, 5}
37.0494  {1, 2, 1, 4, 1, 5, 2, 4, 2, 5, 4, 5}
37.0819  {1, 2, 1, 4, 1, 5, 2, 4, 2, 5, 4, 5}
37.1149  {1, 2, 1, 4, 1, 5, 2, 4, 2, 5, 4, 5}
37.1497  {1, 2, 1, 4, 1, 5, 2, 4, 2, 5, 4, 5}
37.1817  {1, 2, 1, 4, 1, 5, 2, 4, 2, 5, 4, 5}
37.2164  {1, 2, 1, 4, 1, 5, 2, 4, 2, 5, 4, 5}
37.2481  {1, 2, 1, 4, 1, 5, 2, 4, 2, 5, 4, 5}
37.2829  {1, 2, 1, 4, 1, 5, 2, 4, 2, 5, 4, 5}
37.3155  {1, 2, 1, 4, 1, 5, 2, 4, 2, 5, 4, 5}
37.3478  {1, 2, 1, 4, 1, 5, 2, 4, 2, 5, 4, 5}
37.3819  {1, 2, 1, 4, 1, 5, 2, 4, 2, 5, 4, 5}
37.4157  {1, 2, 1, 4, 1, 5, 2, 4, 2, 5, 4, 5}
37.4491  {1, 2, 1, 4, 1, 5, 2, 4, 2, 5, 4, 5}
37.4821  {1, 2, 1, 4, 1, 5, 2, 4, 2, 5, 4, 5}
37.5159  {1, 2, 1, 4, 1, 5, 2, 4, 2, 5, 4, 5}
37.5488  {1, 2, 1, 4, 1, 5, 2, 4, 2, 5, 4, 5}
37.5824  {1, 2, 1, 4, 1, 5, 2, 4, 2, 5, 4, 5}
37.616  {1, 2, 1, 4, 1, 5, 2, 4, 2, 5, 4, 5}
37.6475  {1, 2, 1, 4, 1, 5, 2, 4, 2, 5, 4, 5}
37.6826  {1, 2, 1, 4, 1, 5, 2, 4, 2, 5, 4, 5}
37.717  {1, 2, 1, 4, 1, 5, 2, 4, 2, 5, 4, 5}
37.7473  {1, 2, 1, 4, 1, 5, 2, 4, 2, 5, 4, 5}
37.783  {1, 2, 1, 4, 1, 5, 2, 4, 2, 5, 4, 5}
37.8174  {1, 2, 1, 4, 1, 5, 2, 4, 2, 5, 4, 5}
37.8494  {1, 2, 1, 4, 1, 5, 2, 4, 2, 5, 4, 5}
37.8831  {1, 2, 1, 4, 1, 5, 2, 4, 2, 5, 4, 5}
37.9157  {1, 2, 1, 4, 1, 5, 2, 4, 2, 5, 4, 5}
37.95  {1, 2, 1, 4, 1, 5, 2, 4, 2, 5, 4, 5}
37.9829  {1, 2, 1, 4, 1, 5, 2, 4, 2, 5, 4, 5}
38.0157  {1, 2, 1, 4, 1, 5, 2, 4, 2, 5, 4, 5}
38.0521  {1, 2, 1, 4, 1, 5, 2, 4, 2, 5, 4, 5}
38.0802  {1, 2, 1, 4, 1, 5, 2, 4, 2, 5, 4, 5}
38.1139  {1, 2, 1, 4, 1, 5, 2, 4, 2, 5, 4, 5}
38.1475  {1, 2, 1, 4, 1, 5, 2, 4, 2, 5, 4, 5}
38.1807  {1, 2, 1, 4, 1, 5, 2, 4, 2, 5, 4, 5}
38.2138  {1, 2, 1, 4, 1, 5, 2, 4, 2, 5, 4, 5}
38.2496  {1, 2, 1, 4, 1, 5, 2, 4, 2, 5, 4, 5}
38.2812  {1, 2, 1, 4, 1, 5, 2, 4, 2, 5, 4, 5}
38.3155  {1, 2, 1, 4, 1, 5, 2, 4, 2, 5, 4, 5}
38.347  {1, 2, 1, 4, 1, 5, 2, 4, 2, 5, 4, 5}
38.3804  {1, 2, 1, 4, 1, 5, 2, 4, 2, 5, 4, 5}
38.4147  {1, 2, 1, 4, 1, 5, 2, 4, 2, 5, 4, 5}
38.4477  {1, 2, 1, 4, 1, 5, 2, 4, 2, 5, 4, 5}
38.4814  {1, 2, 1, 4, 1, 5, 2, 4, 2, 5, 4, 5}
38.5163  {1, 2, 1, 4, 1, 5, 2, 4, 2, 5, 4, 5}
38.5481  {1, 2, 1, 4, 1, 5, 2, 4, 2, 5, 4, 5}
38.5836  {1, 2, 1, 4, 1, 5, 2, 4, 2, 5, 4, 5}
38.6156  {1, 2, 1, 4, 1, 5, 2, 4, 2, 5, 4, 5}
38.6477  {1, 2, 1, 4, 1, 5, 2, 4, 2, 5, 4, 5}
38.6834  {1, 2, 1, 4, 1, 5, 2, 4, 2, 5, 4, 5}
38.7168  {1, 2, 1, 4, 1, 5, 2, 4, 2, 5, 4, 5}
38.749  {1, 2, 1, 4, 1, 5, 2, 4, 2, 5, 4, 5}
38.7825  {1, 2, 1, 4, 1, 5, 2, 4, 2, 5, 4, 5}
38.8172  {1, 2, 1, 4, 1, 5, 2, 4, 2, 5, 4, 5}
38.8497  {1, 2, 1, 4, 1, 5, 2, 4, 2, 5, 4, 5}
38.8828  {1, 2, 1, 4, 1, 5, 2, 4, 2, 5, 4, 5}
38.9175  {1, 2, 1, 4, 1, 5, 2, 4, 2, 5, 4, 5}
38.948  {1, 2, 1, 4, 1, 5, 2, 4, 2, 5, 4, 5}
38.9821  {1, 2, 1, 4, 1, 5, 2, 4, 2, 5, 4, 5}
39.0169  {1, 2, 1, 4, 1, 5, 2, 4, 2, 5, 4, 5}
39.0477  {1, 2, 1, 4, 1, 5, 2, 4, 2, 5, 4, 5}
39.0832  {1, 2, 1, 4, 1, 5, 2, 4, 2, 5, 4, 5}
39.1157  {1, 2, 1, 4, 1, 5, 2, 4, 2, 5, 4, 5}
39.1501  {1, 2, 1, 4, 1, 5, 2, 4, 2, 5, 4, 5}
39.1816  {1, 2, 1, 4, 1, 5, 2, 4, 2, 5, 4, 5}
39.2159  {1, 2, 1, 4, 1, 5, 2, 4, 2, 5, 4, 5}
39.2495  {1, 2, 1, 4, 1, 5, 2, 4, 2, 5, 4, 5}
39.2828  {1, 2, 1, 4, 1, 5, 2, 4, 2, 5, 4, 5}
39.3143  {1, 2, 1, 4, 1, 5, 2, 4, 2, 5, 4, 5}
39.3499  {1, 2, 1, 4, 1, 5, 2, 4, 2, 5, 4, 5}
39.382  {1, 2, 1, 4, 1, 5, 2, 4, 2, 5, 4, 5}
39.4168  {1, 2, 1, 4, 1, 5, 2, 4, 2, 5, 4, 5}
39.4478  {1, 2, 1, 4, 1, 5, 2, 4, 2, 5, 4, 5}
39.4813  {1, 2, 1, 4, 1, 5, 2, 4, 2, 5, 4, 5}
39.5153  {1, 2, 1, 4, 1, 5, 2, 4, 2, 5, 4, 5}
39.5487  {1, 2, 1, 4, 1, 5, 2, 4, 2, 5, 4, 5}
39.5815  {1, 2, 1, 4, 1, 5, 2, 4, 2, 5, 4, 5}
39.6147  {1, 2, 1, 4, 1, 5, 2, 4, 2, 5, 4, 5}
39.6473  {1, 2, 1, 4, 1, 5, 2, 4, 2, 5, 4, 5}
39.683  {1, 2, 1, 4, 1, 5, 2, 4, 2, 5, 4, 5}
39.7143  {1, 2, 1, 4, 1, 5, 2, 4, 2, 5, 4, 5}
39.7496  {1, 2, 1, 4, 1, 5, 2, 4, 2, 5, 4, 5}
39.7837  {1, 2, 1, 4, 1, 5, 2, 4, 2, 5, 4, 5}
39.8149  {1, 2, 1, 4, 1, 5, 2, 4, 2, 5, 4, 5}
39.8465  {1, 2, 1, 4, 1, 5, 2, 4, 2, 5, 4, 5}
39.8815  {1, 2, 1, 4, 1, 5, 2, 4, 2, 5, 4, 5}
39.9132  {1, 2, 1, 4, 1, 5, 2, 4, 2, 5, 4, 5}
39.9471  {1, 2, 1, 4, 1, 5, 2, 4, 2, 5, 4, 5}
39.9815  {1, 2, 1, 4, 1, 5, 2, 4, 2, 5, 4, 5}
40.0134  {1, 2, 1, 5, 2, 5, 4, 5}
40.0478  {1, 2, 1, 5, 2, 5}
40.0826  {1, 2, 1, 5, 2, 5}
40.1165  {1, 2, 1, 5, 2, 5}
40.1465  {1, 2, 1, 5, 2, 5}
40.1807  {1, 2, 1, 5, 2, 5}
40.2151  {1, 2, 1, 5, 2, 5}
40.2464  {1, 2, 1, 5, 2, 5}
40.2837  {1, 2, 1, 5, 2, 5}
40.3148  {1, 2, 1, 5, 2, 5}
40.3468  {1, 2, 1, 5, 2, 5}
40.3835  {1, 2, 1, 5, 2, 5}
40.4164  {1, 2, 1, 5, 2, 5}
40.4466  {1, 2, 1, 5, 2, 5}
40.4819  {1, 2, 1, 5, 2, 5}
40.5167  {1, 2, 1, 5, 2, 5}
40.5493  {1, 2, 1, 5, 2, 5}
40.5817  {1, 2, 1, 5, 2, 5}
40.6153  {1, 2, 1, 5, 2, 5}
40.6495  {1, 2, 1, 5, 2, 5}
40.6824  {1, 2, 1, 5, 2, 5}
40.7158  {1, 2, 1, 5, 2, 5}
40.7503  {1, 2, 1, 5, 2, 5}
40.7812  {1, 2, 1, 5, 2, 5}
40.8144  {1, 2, 1, 5, 2, 5}
40.8514  {1, 2, 1, 5, 2, 5}
40.8812  {1, 2, 1, 5, 2, 5}
40.9168  {1, 2, 1, 5, 2, 5}
40.9485  {1, 2, 1, 5, 2, 5}
40.9814  {1, 2, 1, 5, 2, 5}
41.0175  {1, 2, 1, 5, 2, 5}
41.0486  {1, 2, 1, 5, 2, 5}
41.0819  {1, 2, 1, 5, 2, 5}
41.1168  {1, 2, 1, 5, 2, 5}
41.1504  {1, 2, 1, 5, 2, 5}
41.1845  {1, 2, 1, 5, 2, 5}
41.2168  {1, 2, 1, 5, 2, 5}
41.2481  {1, 2, 1, 5, 2, 5}
41.2819  {1, 2, 1, 5, 2, 5}
41.3161  {1, 2, 1, 5, 2, 5}
41.3495  {1, 2, 1, 5, 2, 5}
41.3822  {1, 2, 1, 5, 2, 5}
41.417  {1, 2, 1, 5, 2, 5}
41.4503  {1, 2, 1, 5, 2, 5}
41.484  {1, 2, 1, 5, 2, 5}
41.5148  {1, 2, 1, 5, 2, 5}
41.548  {1, 2, 1, 5, 2, 5}
41.5828  {1, 2, 1, 5, 2, 5}
41.6175  {1, 2, 1, 5, 2, 5}
41.6494  {1, 2, 1, 5, 2, 5}
41.6835  {1, 2, 1, 5, 2, 5}
41.7133  {1, 2, 1, 5, 2, 5}
41.7474  {1, 2, 1, 5, 2, 5}
41.782  {1, 2, 1, 5, 2, 5}
41.8153  {1, 2, 1, 5, 2, 5}
41.8488  {1, 2, 1, 5, 2, 5}
41.8822  {1, 2, 1, 5, 2, 5}
41.9148  {1, 2, 1, 5, 2, 5}
41.9489  {1, 2, 1, 5, 2, 5}
41.9817  {1, 2, 1, 5, 2, 5}
42.0144  {1, 2, 1, 5, 2, 5}
42.0471  {1, 2, 1, 5, 2, 5}
42.081  {1, 2, 1, 5, 2, 5}
42.1134  {1, 2, 1, 5, 2, 5}
42.1473  {1, 2, 1, 5, 2, 5}
42.1816  {1, 2, 1, 5, 2, 5}
42.2145  {1, 2, 1, 5, 2, 5}
42.2479  {1, 2, 1, 5, 2, 5}
42.2814  {1, 2, 1, 5, 2, 5}
42.3164  {1, 2, 1, 5, 2, 5}
42.3508  {1, 2, 1, 5, 2, 5}
42.381  {1, 2, 1, 5, 2, 5}
42.4145  {1, 2, 1, 5, 2, 5}
42.4481  {1, 2, 1, 5, 2, 5}
42.4826  {1, 2, 1, 5, 2, 5}
42.5137  {1, 2, 1, 5, 2, 5}
42.551  {1, 2, 1, 5, 2, 5}
42.5821  {1, 2, 1, 5, 2, 5}
42.617  {1, 2, 1, 5, 2, 5}
42.6503  {1, 2, 1, 5, 2, 5}
42.6851  {1, 2, 1, 5, 2, 5}
42.7159  {1, 2, 1, 5, 2, 5}
42.7484  {1, 2, 1, 5, 2, 5}
42.7854  {1, 2, 1, 5, 2, 5}
42.8177  {1, 2, 1, 5, 2, 5}
42.8488  {1, 2, 1, 5, 2, 5}
42.8815  {1, 2, 1, 5, 2, 5}
42.9182  {1, 2, 1, 5, 2, 5}
42.9493  {1, 2, 1, 5, 2, 5}
42.9838  {1, 2, 1, 5, 2, 5}
43.0158  {1, 2, 1, 5, 2, 5}
43.0507  {1, 2, 1, 5, 2, 5}
43.0829  {1, 2, 1, 5, 2, 5}
43.1185  {1, 2, 1, 5, 2, 5}
43.1503  {1, 2, 1, 5, 2, 5}
43.1839  {1, 2, 1, 5, 2, 5}
43.2169  {1, 2, 1, 5, 2, 5}
43.2489  {1, 2, 1, 5, 2, 5}
43.2823  {1, 2, 1, 5, 2, 5}
43.3172  {1, 2, 1, 5, 2, 5}
43.3506  {1, 2, 1, 5, 2, 5}
43.3845  {1, 2, 1, 5, 2, 5}
43.4159  {1, 2, 1, 5, 2, 5}
43.4506  {1, 2, 1, 5, 2, 5}
43.4829  {1, 2, 1, 5, 2, 5}
43.5171  {1, 2, 1, 5, 2, 5}
43.5502  {1, 2, 1, 5, 2, 5}
43.5839  {1, 2, 1, 5, 2, 5}
43.6178  {1, 2, 1, 5, 2, 5}
43.6475  {1, 2, 1, 5, 2, 5}
43.6814  {1, 2, 1, 5, 2, 5}
43.7146  {1, 2, 1, 5, 2, 5}
43.7475  {1, 2, 1, 5, 2, 5}
43.7823  {1, 2, 1, 5, 2, 5}
43.8141  {1, 2, 1, 5, 2, 5}
43.8515  {1, 2, 1, 5, 2, 5}
43.882  {1, 2, 1, 5, 2, 5}
43.9156  {1, 2, 1, 5, 2, 5}
43.9497  {1, 2, 1, 5, 2, 5}
43.9831  {1, 2, 1, 5, 2, 5}
44.017  {1, 2, 1, 5, 2, 5}
44.0488  {1, 2, 1, 5, 2, 5}
44.0846  {1, 2, 1, 5, 2, 5}
44.1178  {1, 2, 1, 5, 2, 5}
44.1475  {1, 2, 1, 5, 2, 5}
44.1818  {1, 2, 1, 5, 2, 5}
44.2148  {1, 2, 1, 5, 2, 5}
44.2482  {1, 2, 1, 5, 2, 5}
44.2814  {1, 2, 1, 5, 2, 5}
44.3146  {1, 2, 1, 5, 2, 5}
44.3479  {1, 2, 1, 5, 2, 5}
44.3823  {1, 2, 1, 5, 2, 5}
44.4159  {1, 2, 1, 5, 2, 5}
44.4474  {1, 2, 1, 5, 2, 5}
44.4838  {1, 2, 1, 5, 2, 5}
44.5177  {1, 2, 1, 5, 2, 5}
44.5508  {1, 2, 1, 5, 2, 5}
44.583  {1, 2, 1, 5, 2, 5}
44.616  {1, 5}
44.6484  {1, 5}
44.685  {1, 5}
44.7169  {1, 5}
44.7503  {1, 5}
44.7828  {1, 5}
44.8159  {1, 5}
44.8488  {1, 5}
44.8839  {1, 5}
44.917  {1, 5}
44.9498  {1, 5}
44.9845  {1, 5}
45.0174  {1, 5}
45.05  {1, 5}
45.0846  {1, 5}
45.1175  {1, 5}
45.1495  {1, 5}
45.1844  {1, 5}
45.2158  {1, 5}
45.2488  {1, 5}
45.2839  {1, 5}
45.3182  {1, 5}
45.3511  {1, 5}
45.3832  {1, 5}
45.4166  {1, 5}
45.4507  {1, 5}
45.4833  {1, 5}
45.5162  {1, 5}
45.5517  {1, 5}
45.585  {1, 5}
45.6168  {1, 5}
45.6517  {1, 5}
45.6838  {1, 5}
45.7163  {1, 5}
45.7518  {1, 5}
45.7819  {1, 5}
45.8154  {1, 5}
45.8497  {1, 5}
45.8806  {1, 5}
45.9154  {1, 5}
45.9489  {1, 5}
45.9808  {1, 5}
46.0163  {1, 5}
46.0492  {1, 5}
46.084  {1, 5}
46.1159  {1, 5}
46.1494  {1, 5}
46.1843  {1, 5}
46.2156  {1, 5}
46.2508  {1, 5}
46.2838  {1, 5}
46.3155  {1, 5}
46.3692  {1, 5}
46.3829  {1, 5}
46.4147  {1, 5}
46.4484  {1, 5}
48.882  {1, 3}
48.938  {1, 3}
51.0525  {1, 5}
51.1157  {1, 5}
51.1828  {1, 5}
51.2408  {1, 5}
51.2941  {1, 5}
51.3322  {1, 5}
51.3745  {1, 5}
51.4209  {1, 5}
51.4616  {1, 5}
51.5468  {1, 5}
51.6119  {1, 5}
51.6612  {1, 5}
51.6979  {1, 5}
51.7319  {1, 5}
51.7755  {1, 5}
51.786  {1, 5}
51.8171  {1, 5}
51.8498  {1, 5}
51.9207  {1, 5}
51.9871  {1, 5}
52.0454  {1, 5}
61.5807  {1, 5}
61.6425  {1, 5}
61.6921  {1, 5}
61.8081  {1, 5}
61.8644  {1, 5}
61.9231  {1, 5}
61.9817  {1, 5}
62.0402  {1, 5}
62.0969  {1, 5}
62.1428  {1, 5}
62.1868  {1, 5}
62.2335  {1, 5}
62.2934  {1, 5}
62.3458  {1, 5}
62.3981  {1, 5}
62.4769  {1, 5}
62.5249  {1, 5}
62.5674  {1, 5}
62.6065  {1, 5}
62.6447  {1, 5}
62.7031  {1, 5}
99.6931  {0, 3}
99.7724  {0, 3}
99.9907  {0, 3}
100.187  {0, 3}
100.248  {0, 3}
100.322  {0, 3}
100.427  {0, 3}
113.595  {3, 5}
113.704  {3, 5}
113.795  {3, 5}
113.957  {3, 5}
114.035  {3, 5}
119.115  {1, 3}
119.272  {1, 3}
119.345  {1, 3}
119.412  {1, 3}
119.481  {1, 3}
119.551  {1, 3}
119.619  {1, 3}
119.68  {1, 3}
119.738  {1, 3}
119.798  {1, 3}
119.917  {1, 3}
119.991  {1, 3}
120.065  {1, 3}
120.137  {1, 3}
120.2  {1, 3}
120.263  {1, 3}
120.32  {1, 3}
120.381  {1, 3}
120.443  {1, 3}
120.552  {1, 3}
120.602  {1, 3}
120.674  {1, 3}
120.754  {1, 3}
149.643  {0, 5}
149.706  {0, 5}
149.768  {0, 5}
149.94  {0, 5}
150.01  {0, 5}
150.071  {0, 5}
150.14  {0, 5}
150.206  {0, 5}
150.267  {0, 5}
150.331  {0, 5}
150.401  {0, 5}
150.468  {0, 5}
150.575  {0, 5}
150.685  {0, 5}
150.745  {0, 5}
155.392  {4, 5}
155.504  {4, 5}
155.616  {4, 5}
155.726  {4, 5}
155.837  {4, 5}
155.942  {4, 5}
156.163  {4, 5}
156.252  {4, 5}
156.335  {4, 5}
156.493  {4, 5}
156.567  {4, 5}
156.72  {4, 5}
156.798  {4, 5}
156.876  {4, 5}
157.022  {4, 5}
157.433  {1, 4}
157.506  {1, 4}
157.573  {1, 4}
157.644  {1, 4}
157.713  {1, 4}
157.778  {1, 4}
157.849  {1, 4}
157.919  {1, 4}
157.981  {1, 4}
158.099  {1, 4}
158.168  {1, 4}
158.241  {1, 4}
158.311  {1, 4}
158.382  {1, 4}
158.449  {1, 4}
158.516  {1, 4}
158.586  {1, 4}
158.766  {1, 4}
158.829  {1, 4}
158.9  {1, 4}
158.969  {1, 4}
159.033  {1, 4}
159.097  {1, 4}
159.156  {1, 4}
159.217  {1, 4}
159.331  {1, 4}
159.442  {1, 4}
159.498  {1, 4}
159.561  {1, 4}
159.617  {1, 4}
159.679  {1, 4}
159.741  {1, 4}
159.796  {1, 4}
159.852  {1, 4}
159.911  {1, 4}
159.962  {1, 4}
160.019  {1, 4}
160.126  {1, 4}
160.183  {1, 4}
160.291  {1, 4}
160.347  {1, 4}
160.403  {1, 4}
160.461  {1, 4}
160.518  {1, 4}
160.57  {1, 4}
160.629  {1, 4}
160.688  {1, 4}
160.747  {1, 4}
160.91  {1, 4}
160.97  {1, 4}
166.13  {2, 5}
166.266  {2, 5}
166.355  {2, 5}
166.448  {2, 5}
166.531  {2, 5}
166.619  {2, 5}
166.702  {2, 5}
166.862  {2, 5}
166.979  {2, 5}
167.049  {2, 5}
167.12  {2, 5}
167.181  {2, 5}
167.248  {2, 5}
167.313  {2, 5}
167.366  {2, 5}
199.404  {1, 3}
199.504  {1, 3}
199.599  {1, 3}
199.843  {1, 3}
199.999  {1, 3}
200.067  {1, 3}
203.318  {3, 4}
203.409  {3, 4}
204.921  {1, 4}
204.994  {1, 4}
205.058  {1, 4}
205.139  {1, 4}
205.27  {1, 4}
205.335  {1, 4}
205.502  {1, 4}
205.562  {1, 4}
206.035  {4, 5}
206.181  {4, 5}
206.311  {4, 5}
206.373  {4, 5}
206.485  {4, 5}
206.586  {4, 5}
208.612  {1, 5}
208.718  {1, 5}
209.219  {4, 5}
209.347  {4, 5}
209.418  {4, 5}
211.865  {2, 3}
212.032  {2, 3}
220.843  {4, 5}
220.964  {4, 5}
221.036  {4, 5}
221.106  {4, 5}
221.177  {4, 5}
221.299  {4, 5}
225.055  {2, 4}
225.145  {2, 4}
227.517  {1, 2}
228.764  {1, 4}
228.92  {1, 4}
229.1  {1, 4}
229.164  {1, 4}
231.239  {2, 5}
231.319  {2, 5}
231.394  {2, 5}
231.516  {2, 5}
231.579  {2, 5}
231.687  {2, 5}
231.784  {2, 5}
231.921  {2, 5}
232.01  {2, 5}
232.091  {2, 5}
232.169  {2, 5}
232.245  {2, 5}
232.315  {2, 5}
232.387  {2, 5}
233.375  {3, 5}
233.475  {3, 5}
233.56  {3, 5}
233.638  {3, 5}
233.721  {3, 5}
233.795  {3, 5}
233.9  {3, 5}
233.964  {3, 5}
234.025  {3, 5}
234.084  {3, 5}
234.138  {3, 5}
234.197  {3, 5}
234.257  {3, 5}
234.321  {3, 5}
234.38  {3, 5}
234.457  {3, 5}
234.58  {3, 5}
234.652  {3, 5}
234.724  {3, 5}
234.797  {3, 5}
234.861  {3, 5}
234.926  {3, 5}
234.986  {3, 5}
235.042  {3, 5}
235.136  {3, 5}
236.552  {4, 5}
236.608  {4, 5}
236.761  {4, 5}
236.836  {4, 5}
236.906  {4, 5}
236.972  {4, 5}
244.887  {2, 4}
244.96  {2, 4}
245.026  {2, 4}
245.11  {2, 4}
247.896  {1, 2}
248.323  {1, 2}
248.479  {1, 2}
248.556  {1, 2}
248.634  {1, 2}
248.704  {1, 2}
248.844  {1, 2}
254.099  {2, 5}
254.193  {2, 5}
254.439  {2, 5}
254.534  {2, 5}
254.627  {2, 5}
272.063  {0, 3}
272.194  {0, 3}
272.372  {0, 3}
274.581  {2, 4}
274.666  {2, 4}
274.748  {2, 4}
274.868  {2, 4}
274.934  {2, 4}
275.053  {2, 4}
275.158  {2, 4}
275.262  {2, 4}
275.356  {2, 4}
275.559  {2, 4}
276.243  {2, 4}
276.335  {2, 4}
276.421  {2, 4}
276.504  {2, 4}
276.575  {2, 4}
276.642  {2, 4}
276.705  {2, 4}
276.765  {2, 4}
276.88  {2, 4}
276.94  {2, 4}
287.543  {2, 3}
287.619  {2, 3}
287.807  {2, 3}
287.879  {2, 3}
287.956  {2, 3}
288.032  {2, 3}
288.105  {2, 3}
288.175  {2, 3}
298.135  {2, 3}
298.21  {2, 3}
298.282  {2, 3}
298.354  {2, 3}
300.384  {2, 4}
300.563  {2, 4}
309.607  {1, 2}
309.736  {1, 2}
309.815  {1, 2}
309.833  {1, 2}
309.904  {1, 2}
310.051  {1, 2}
321.325  {4, 5}
321.432  {4, 5}
321.526  {4, 5}
321.621  {4, 5}
321.706  {4, 5}
321.878  {4, 5}
